0,0,0,0,0,0,0,0,0,0,0,0,0,0,0,0,0,0,0,0,0,0,0,0,0,0,0,0,0,0,0,0,0,0,0,0,0,0,0,0,0,0
0,0.11485,0.11401,0.11166,0.10844,0.10497,0.1017,0.098918,0.096816,0.095499,0.095025,0.095422,0.096699,0.098853,0.10187,0.10573,0.11038,0.11578,0.12184,0.12845,0.13548,0.14277,0.15012,0.15732,0.16413,0.17033,0.17569,0.18001,0.18313,0.18494,0.18538,0.18448,0.18236,0.17918,0.17522,0.1708,0.16633,0.16225,0.15907,0.15724,0.15698,0
0,0.11569,0.11485,0.11291,0.11035,0.10759,0.10497,0.10272,0.10102,0.099977,0.099646,0.10007,0.10125,0.10321,0.10593,0.10939,0.11356,0.11838,0.12378,0.12966,0.13591,0.14237,0.14888,0.15524,0.16126,0.16673,0.17146,0.17528,0.17805,0.17967,0.18012,0.17943,0.17769,0.17507,0.17179,0.16815,0.16448,0.16115,0.15853,0.15697,0.15672,0
0,0.11808,0.11676,0.11479,0.11246,0.11007,0.10784,0.10595,0.10454,0.10369,0.10346,0.10388,0.10498,0.10675,0.10919,0.11229,0.11602,0.12034,0.12518,0.13045,0.13606,0.14186,0.14771,0.15343,0.15885,0.16378,0.16805,0.1715,0.17402,0.17551,0.17595,0.17537,0.17386,0.17157,0.1687,0.16552,0.16229,0.15933,0.15693,0.15538,0.15492,0
0,0.12142,0.11933,0.11702,0.11463,0.11234,0.1103,0.10862,0.10739,0.10667,0.10649,0.10688,0.10787,0.10945,0.11163,0.11441,0.11775,0.12163,0.12599,0.13077,0.13586,0.14115,0.1465,0.15176,0.15675,0.1613,0.16526,0.16846,0.1708,0.1722,0.17261,0.17208,0.17068,0.16856,0.16588,0.16289,0.15983,0.15694,0.15449,0.1527,0.15176,0
0,0.12512,0.12213,0.11929,0.11666,0.1143,0.1123,0.1107,0.10955,0.10888,0.1087,0.10903,0.10989,0.11128,0.11321,0.11568,0.11867,0.12217,0.12613,0.1305,0.13519,0.1401,0.1451,0.15003,0.15475,0.15908,0.16286,0.16593,0.16818,0.16952,0.16993,0.16941,0.16803,0.16594,0.16329,0.16028,0.15715,0.15412,0.15139,0.14916,0.14757,0
0,0.12868,0.12477,0.12132,0.11833,0.11579,0.11371,0.1121,0.11094,0.11025,0.11002,0.11025,0.11096,0.11214,0.11382,0.116,0.11867,0.12184,0.12547,0.12951,0.1339,0.13854,0.14331,0.14806,0.15264,0.15688,0.16061,0.16367,0.16593,0.16729,0.1677,0.16718,0.16579,0.16363,0.16087,0.1577,0.15433,0.15096,0.14779,0.14497,0.14264,0
0,0.13173,0.12691,0.12282,0.11941,0.11662,0.1144,0.11269,0.11146,0.11069,0.11036,0.11045,0.11097,0.11193,0.11335,0.11524,0.11762,0.12049,0.12383,0.12761,0.13178,0.13625,0.14091,0.14561,0.15019,0.15448,0.15829,0.16146,0.16383,0.16529,0.16577,0.16527,0.16383,0.16156,0.1586,0.15515,0.1514,0.14755,0.1438,0.1403,0.13717,0
0,0.13396,0.12826,0.12354,0.1197,0.11661,0.11418,0.11233,0.11098,0.11007,0.10958,0.10949,0.10979,0.1105,0.11164,0.11325,0.11533,0.11792,0.12102,0.1246,0.12862,0.133,0.13765,0.14241,0.14712,0.1516,0.15563,0.15905,0.16166,0.16332,0.16396,0.16353,0.16207,0.15966,0.15646,0.15263,0.1484,0.14396,0.13953,0.13525,0.13127,0
0,0.13509,0.12857,0.12324,0.11895,0.11555,0.11289,0.11085,0.10933,0.10824,0.10755,0.10722,0.10726,0.10769,0.10853,0.10982,0.11161,0.11393,0.11679,0.1202,0.12413,0.1285,0.13323,0.13816,0.14313,0.14793,0.15235,0.15616,0.15916,0.16118,0.16209,0.16183,0.1604,0.15788,0.1544,0.15016,0.14536,0.14024,0.13501,0.12988,0.125,0
0,0.13488,0.12759,0.12169,0.11698,0.11326,0.11035,0.10809,0.10635,0.10503,0.10409,0.10348,0.10321,0.1033,0.1038,0.10475,0.10621,0.10825,0.11088,0.11414,0.118,0.12242,0.1273,0.13251,0.13786,0.14314,0.1481,0.15249,0.15606,0.15861,0.15995,0.15999,0.1587,0.15612,0.15239,0.1477,0.14229,0.1364,0.1303,0.12422,0.11837,0
0,0.13311,0.12513,0.11869,0.11358,0.10955,0.10637,0.10386,0.10187,0.10028,0.099029,0.098083,0.097445,0.097147,0.097241,0.097798,0.098893,0.1006,0.10298,0.10607,0.10989,0.11438,0.11948,0.12505,0.1309,0.1368,0.14249,0.14766,0.15203,0.15532,0.15731,0.15784,0.15683,0.15431,0.15039,0.14527,0.1392,0.13248,0.12541,0.11829,0.11135,0
0,0.12959,0.12098,0.11406,0.10857,0.10423,0.10078,0.098002,0.095719,0.093809,0.092196,0.090848,0.089771,0.089009,0.088628,0.088716,0.089371,0.090691,0.092762,0.09565,0.099388,0.10396,0.10932,0.11532,0.12178,0.12846,0.13506,0.14125,0.14666,0.15097,0.15387,0.15514,0.15464,0.15234,0.14834,0.14284,0.13611,0.1285,0.12037,0.11208,0.10394,0
0,0.12413,0.11497,0.10762,0.10179,0.097158,0.093427,0.090352,0.08774,0.085456,0.083417,0.081593,0.079997,0.078682,0.077731,0.077253,0.077369,0.078204,0.079877,0.082484,0.086092,0.090719,0.096325,0.1028,0.10998,0.11758,0.1253,0.13274,0.13949,0.14514,0.14928,0.15162,0.15191,0.15008,0.14618,0.14039,0.13303,0.1245,0.11521,0.10562,0.096101,0
0,0.11659,0.10695,0.099236,0.093098,0.088182,0.084163,0.080768,0.077787,0.075072,0.072538,0.070155,0.067944,0.065971,0.064336,0.063168,0.062616,0.062837,0.063984,0.066193,0.069569,0.074171,0.079995,0.08696,0.094902,0.10356,0.11259,0.12156,0.12997,0.13733,0.14313,0.14693,0.1484,0.14736,0.14381,0.13791,0.13,0.12052,0.10999,0.098945,0.087854,0
0,0.10682,0.096804,0.088779,0.082369,0.077185,0.072872,0.069131,0.065737,0.062531,0.059426,0.056394,0.053463,0.050711,0.048256,0.046251,0.044873,0.044313,0.044766,0.046413,0.049407,0.053857,0.059808,0.067219,0.075953,0.085762,0.096284,0.10705,0.11749,0.12698,0.1349,0.14067,0.1438,0.14399,0.14114,0.13537,0.12704,0.11664,0.10479,0.09213,0.079241,0
0,0.094732,0.08443,0.076159,0.069516,0.064078,0.059463,0.055351,0.0515,0.047743,0.043989,0.040211,0.036444,0.03278,0.029353,0.026341,0.02395,0.02241,0.02196,0.022833,0.025241,0.029355,0.03528,0.043034,0.052526,0.063535,0.075698,0.08851,0.10133,0.11343,0.12403,0.13235,0.13774,0.13972,0.13804,0.13277,0.12422,0.11297,0.099743,0.085304,0.070359,0
0,0.080256,0.069766,0.061317,0.054478,0.048802,0.04388,0.039374,0.035025,0.030659,0.026177,0.021557,0.016838,0.012122,0.0075604,0.0033538,-0.00025918,-0.0030097,-0.0046099,-0.0047671,-0.0032024,0.00032837,0.0060084,0.013932,0.024074,0.036263,0.050159,0.065238,0.080799,0.09599,0.10986,0.12143,0.1298,0.13426,0.13437,0.13007,0.12163,0.10968,0.095046,0.078662,0.061379,0
0,0.063362,0.052784,0.044223,0.037229,0.031333,0.026105,0.021187,0.016308,0.011281,0.0060046,0.00045209,-0.005332,-0.011239,-0.0171,-0.022695,-0.027753,-0.031965,-0.034991,-0.036475,-0.036061,-0.033419,-0.028274,-0.020434,-0.0098341,0.0034315,0.019071,0.036569,0.05518,0.07394,0.091718,0.10729,0.11948,0.12727,0.12996,0.12727,0.11939,0.10698,0.090975,0.072492,0.052568,0
0,0.044061,0.033491,0.024883,0.017776,0.011683,0.006157,0.00082318,-0.0046052,-0.010326,-0.01645,-0.023008,-0.029955,-0.037177,-0.044495,-0.051667,-0.058394,-0.064327,-0.069071,-0.072202,-0.073284,-0.071889,-0.067633,-0.060208,-0.049433,-0.035295,-0.018003,0.001972,0.023868,0.046632,0.068954,0.089351,0.1063,0.11842,0.12463,0.12438,0.11769,0.10517,0.087906,0.067201,0.044317,0
0,0.022402,0.011929,0.0033358,-0.0038417,-0.0101,-0.015902,-0.021638,-0.02761,-0.034033,-0.041028,-0.048636,-0.056817,-0.065454,-0.074361,-0.083279,-0.091884,-0.099787,-0.10654,-0.11165,-0.11459,-0.11483,-0.11187,-0.10526,-0.094684,-0.079982,-0.061244,-0.038856,-0.013551,0.01356,0.041013,0.067053,0.089781,0.10736,0.11824,0.12146,0.11677,0.10467,0.086351,0.063346,0.037178,0
0,-0.0015254,-0.011828,-0.020352,-0.027556,-0.033938,-0.039973,-0.046068,-0.052546,-0.05964,-0.067491,-0.076152,-0.085594,-0.095705,-0.10629,-0.11709,-0.12775,-0.13784,-0.14687,-0.15427,-0.15944,-0.16172,-0.16049,-0.15514,-0.1452,-0.13034,-0.11048,-0.085881,-0.057189,-0.025516,0.0075535,0.04001,0.069554,0.093822,0.11069,0.11863,0.11697,0.10601,0.086988,0.061676,0.031908,0
0,-0.027601,-0.037681,-0.046093,-0.053276,-0.059724,-0.06592,-0.072294,-0.079193,-0.086877,-0.095513,-0.10518,-0.11585,-0.12744,-0.13975,-0.1525,-0.16533,-0.17779,-0.18932,-0.19929,-0.207,-0.21171,-0.21263,-0.20902,-0.2002,-0.18566,-0.16511,-0.13863,-0.10673,-0.070452,-0.031433,0.0081034,0.045463,0.077708,0.10202,0.11614,0.11878,0.10992,0.090711,0.063181,0.02952,0
0,-0.055677,-0.065515,-0.073789,-0.0809,-0.087333,-0.093583,-0.1001,-0.10728,-0.1154,-0.12468,-0.13522,-0.14703,-0.16003,-0.17403,-0.18875,-0.20381,-0.21873,-0.23291,-0.24566,-0.2562,-0.26365,-0.26712,-0.26568,-0.25847,-0.24476,-0.22403,-0.19613,-0.16135,-0.1206,-0.075489,-0.028378,0.017684,0.05917,0.092467,0.11442,0.12291,0.11734,0.098683,0.069155,0.031351,0
0,-0.085595,-0.095217,-0.10334,-0.11033,-0.11664,-0.12278,-0.12925,-0.13648,-0.14482,-0.15452,-0.16573,-0.17849,-0.19275,-0.20833,-0.22495,-0.24221,-0.25962,-0.27652,-0.29217,-0.30571,-0.31615,-0.32247,-0.32358,-0.31842,-0.30603,-0.28564,-0.25683,-0.21962,-0.17471,-0.12357,-0.068606,-0.013131,0.038763,0.08261,0.11419,0.13032,0.12953,0.11241,0.08127,0.039139,0
0,-0.1172,-0.12669,-0.1347,-0.14149,-0.14752,-0.15333,-0.15946,-0.16642,-0.17465,-0.18445,-0.19603,-0.20949,-0.22477,-0.24173,-0.2601,-0.27945,-0.29927,-0.31887,-0.33744,-0.35405,-0.36762,-0.37698,-0.3809,-0.37813,-0.36747,-0.3479,-0.31869,-0.27957,-0.23091,-0.17399,-0.1111,-0.045725,0.017577,0.07348,0.11658,0.14234,0.14813,0.13382,0.10166,0.055116,0
0,-0.15038,-0.15991,-0.16783,-0.17435,-0.17989,-0.18504,-0.19044,-0.19671,-0.20437,-0.21385,-0.22541,-0.23919,-0.25519,-0.27326,-0.29314,-0.31439,-0.33646,-0.35864,-0.38005,-0.39968,-0.41637,-0.42883,-0.43568,-0.43549,-0.42684,-0.40844,-0.37925,-0.33867,-0.28674,-0.22438,-0.15369,-0.078139,-0.0026383,0.066704,0.12323,0.16081,0.17526,0.16536,0.13304,0.082117,0
0,-0.18507,-0.19491,-0.20285,-0.20898,-0.21372,-0.21776,-0.22189,-0.22689,-0.23343,-0.24204,-0.25308,-0.26674,-0.28306,-0.30191,-0.32299,-0.34588,-0.36997,-0.39451,-0.41858,-0.44108,-0.46077,-0.47624,-0.48596,-0.48835,-0.48178,-0.46471,-0.4358,-0.3941,-0.33925,-0.2718,-0.1935,-0.10768,-0.019387,0.064619,0.13643,0.18817,0.21368,0.21016,0.17882,0.12372,0
0,-0.22137,-0.23192,-0.23999,-0.24554,-0.24905,-0.25137,-0.25352,-0.2565,-0.2612,-0.26829,-0.27823,-0.29126,-0.30746,-0.32668,-0.34863,-0.37284,-0.39867,-0.4253,-0.45176,-0.47688,-0.4993,-0.51753,-0.52992,-0.53469,-0.53006,-0.51423,-0.4856,-0.44285,-0.38525,-0.31291,-0.22716,-0.13099,-0.029425,0.070342,0.15927,0.22761,0.26688,0.2721,0.24328,0.18438,0
0,-0.25956,-0.27142,-0.27975,-0.28441,-0.28603,-0.28576,-0.28499,-0.28504,-0.28703,-0.29184,-0.30002,-0.31187,-0.32747,-0.34667,-0.36912,-0.39432,-0.42157,-0.44998,-0.47851,-0.50589,-0.53071,-0.55133,-0.56599,-0.57277,-0.56969,-0.55476,-0.52609,-0.48207,-0.42156,-0.34423,-0.25093,-0.14422,-0.028858,0.087753,0.19564,0.28319,0.33926,0.35609,0.33173,0.26969,0
0,-0.30029,-0.31429,-0.32298,-0.32621,-0.32496,-0.32091,-0.31598,-0.31193,-0.31022,-0.3119,-0.31763,-0.32773,-0.34227,-0.36105,-0.38367,-0.40954,-0.43789,-0.46776,-0.498,-0.52727,-0.55404,-0.57658,-0.59299,-0.60122,-0.5991,-0.58445,-0.55513,-0.50924,-0.44527,-0.36245,-0.26113,-0.14332,-0.013387,0.12134,0.25023,0.35989,0.43628,0.4682,0.45086,0.38661,0
0,-0.34486,-0.36209,-0.37109,-0.37193,-0.36631,-0.3568,-0.34611,-0.33658,-0.33002,-0.32767,-0.33026,-0.33809,-0.35117,-0.3692,-0.39169,-0.41796,-0.44712,-0.47813,-0.50972,-0.54047,-0.56872,-0.59263,-0.61017,-0.61915,-0.61723,-0.60202,-0.57117,-0.52247,-0.45408,-0.36481,-0.25447,-0.12451,0.021282,0.17589,0.3283,0.46357,0.56458,0.61598,0.60903,0.54389,0
0,-0.39557,-0.41748,-0.42634,-0.42303,-0.41072,-0.39342,-0.37492,-0.35826,-0.34561,-0.33834,-0.33716,-0.3423,-0.35359,-0.37064,-0.39281,-0.41926,-0.449,-0.48086,-0.51347,-0.54528,-0.57451,-0.59921,-0.61721,-0.62616,-0.62357,-0.60683,-0.57335,-0.52065,-0.44656,-0.34943,-0.22857,-0.084787,0.078848,0.25587,0.43526,0.60076,0.73206,0.80881,0.81692,0.75278,0
0,-0.45666,-0.48494,-0.49224,-0.48161,-0.459,-0.43064,-0.40174,-0.37608,-0.35608,-0.34309,-0.33766,-0.33981,-0.34917,-0.36514,-0.38687,-0.4134,-0.44355,-0.47603,-0.50935,-0.54182,-0.57156,-0.59646,-0.61424,-0.62237,-0.61819,-0.59889,-0.56163,-0.50364,-0.42237,-0.31573,-0.18246,-0.022618,0.16159,0.36458,0.57575,0.77799,0.94763,1.0583,1.0884,1.0283,0
0,-0.53586,-0.57206,-0.57409,-0.55038,-0.51185,-0.46797,-0.42553,-0.38886,-0.36033,-0.341,-0.33107,-0.33019,-0.33767,-0.35262,-0.37397,-0.40054,-0.43103,-0.46396,-0.49772,-0.53051,-0.5603,-0.58487,-0.60179,-0.60837,-0.60178,-0.57899,-0.5369,-0.47242,-0.38259,-0.26482,-0.11715,0.061241,0.2693,0.5028,0.75228,1.0005,1.2206,1.3786,1.4424,1.3915,0
0,-0.64786,-0.69164,-0.67956,-0.63232,-0.56929,-0.50396,-0.44438,-0.39475,-0.35683,-0.33097,-0.31667,-0.31304,-0.31895,-0.33315,-0.35432,-0.38107,-0.41189,-0.44519,-0.47921,-0.51203,-0.54151,-0.56532,-0.58086,-0.58534,-0.57571,-0.54876,-0.5011,-0.42931,-0.32998,-0.19989,-0.036278,0.16285,0.39802,0.66707,0.96288,1.2697,1.5585,1.7864,1.9048,1.8748,0
0,-0.82202,-0.86511,-0.81836,-0.72906,-0.62897,-0.53496,-0.45466,-0.39073,-0.34334,-0.31144,-0.2935,-0.28788,-0.29289,-0.30689,-0.32828,-0.35546,-0.38676,-0.42045,-0.45466,-0.48736,-0.51633,-0.53911,-0.55302,-0.55512,-0.54221,-0.51088,-0.45749,-0.37826,-0.2693,-0.1267,0.053317,0.2742,0.53863,0.84756,1.1981,1.5789,1.9627,2.2982,2.5125,2.5314,0
0,-1.1207,-1.1262,-0.9988,-0.83645,-0.68272,-0.55274,-0.44961,-0.37183,-0.31641,-0.28019,-0.26026,-0.25403,-0.25927,-0.27395,-0.29622,-0.32429,-0.35639,-0.39066,-0.42518,-0.45783,-0.48633,-0.50816,-0.52054,-0.52044,-0.50455,-0.46931,-0.41085,-0.32506,-0.20758,-0.053775,0.14125,0.38267,0.67586,1.0261,1.437,1.9069,2.4186,2.9214,3.3136,3.4538,0
0,-1.6831,-1.5178,-1.2148,-0.93408,-0.71019,-0.54149,-0.41825,-0.33084,-0.27156,-0.23456,-0.21543,-0.21078,-0.21789,-0.23449,-0.25857,-0.28825,-0.32168,-0.35699,-0.3922,-0.42521,-0.45368,-0.47507,-0.48657,-0.4851,-0.4673,-0.42947,-0.36763,-0.2774,-0.15403,0.0077593,0.21392,0.47137,0.78841,1.1754,1.6449,2.2106,2.8795,3.6285,4.352,4.8031,0
0,-2.8124,-2.0541,-1.4093,-0.96618,-0.67277,-0.47771,-0.3471,-0.26031,-0.20474,-0.17241,-0.15799,-0.15772,-0.16876,-0.18881,-0.21587,-0.24813,-0.28374,-0.32084,-0.35754,-0.39176,-0.42117,-0.44326,-0.45522,-0.45399,-0.43619,-0.39811,-0.33569,-0.24444,-0.11936,0.045237,0.25607,0.52134,0.85162,1.2619,1.7741,2.4207,3.2472,4.3033,5.5867,6.8382,0
0,-5.0479,-2.5276,-1.3919,-0.83228,-0.52538,-0.34278,-0.22909,-0.15792,-0.11551,-0.093949,-0.088322,-0.095273,-0.11231,-0.13741,-0.1688,-0.20485,-0.24381,-0.28379,-0.32324,-0.36007,-0.39203,-0.41664,-0.43115,-0.43257,-0.41755,-0.38245,-0.32323,-0.23543,-0.11404,0.046713,0.25379,0.51574,0.84334,1.2539,1.7737,2.4482,3.3605,4.6639,6.6264,9.8143,0
0,0,0,0,0,0,0,0,0,0,0,0,0,0,0,0,0,0,0,0,0,0,0,0,0,0,0,0,0,0,0,0,0,0,0,0,0,0,0,0,0,0
