0,0,0,0,0,0,0,0,0,0,0,0,0,0,0,0,0,0,0,0,0,0,0,0,0,0,0,0,0,0,0,0,0,0,0,0,0,0,0,0,0,0,0,0,0,0,0,0,0,0,0,0,0,0,0,0,0,0,0,0,0,0,0,0,0,0
0,0.04633,0.046164,0.045502,0.044471,0.04323,0.041918,0.040642,0.039483,0.038499,0.037732,0.037212,0.036957,0.036982,0.037291,0.037889,0.038773,0.039942,0.041389,0.04311,0.045096,0.047339,0.04983,0.052559,0.055515,0.058686,0.062059,0.065618,0.069349,0.073232,0.07725,0.081381,0.085601,0.089886,0.09421,0.098543,0.10285,0.10712,0.11129,0.11535,0.11925,0.12297,0.12647,0.12973,0.1327,0.13536,0.1377,0.13968,0.1413,0.14254,0.14339,0.14387,0.14398,0.14373,0.14316,0.14228,0.14115,0.13982,0.13836,0.13683,0.13535,0.13403,0.13299,0.13239,0.13229,0
0,0.046496,0.04633,0.045773,0.044934,0.043925,0.042853,0.041804,0.04085,0.040043,0.039425,0.039024,0.038863,0.038955,0.039308,0.039926,0.040812,0.041964,0.043378,0.04505,0.046973,0.049139,0.051542,0.054171,0.057015,0.060064,0.063304,0.066721,0.0703,0.074023,0.077872,0.081826,0.085863,0.089959,0.094089,0.098225,0.10234,0.1064,0.11038,0.11424,0.11796,0.1215,0.12483,0.12793,0.13077,0.13331,0.13555,0.13745,0.13902,0.14024,0.14111,0.14162,0.1418,0.14166,0.14122,0.14051,0.13958,0.13847,0.13725,0.13598,0.13475,0.13366,0.1328,0.13229,0.13218,0
0,0.04716,0.046887,0.046327,0.045565,0.044684,0.043762,0.042871,0.042067,0.041397,0.040897,0.040596,0.040514,0.040663,0.041055,0.041694,0.042583,0.043721,0.045106,0.046735,0.048603,0.050702,0.053025,0.055564,0.058308,0.061247,0.064369,0.067659,0.071103,0.074685,0.078385,0.082185,0.086062,0.089995,0.093958,0.097925,0.10187,0.10576,0.10957,0.11327,0.11684,0.12023,0.12342,0.12639,0.12911,0.13156,0.13371,0.13556,0.13709,0.13829,0.13916,0.13971,0.13994,0.13988,0.13954,0.13896,0.13817,0.13723,0.13618,0.13508,0.13402,0.13306,0.13228,0.13176,0.13158,0
0,0.0482,0.04773,0.047084,0.046314,0.045481,0.044641,0.043847,0.043146,0.042575,0.042166,0.041942,0.041923,0.042121,0.042545,0.043202,0.044093,0.04522,0.04658,0.048172,0.04999,0.052029,0.054281,0.05674,0.059396,0.062238,0.065255,0.068434,0.07176,0.075218,0.078789,0.082456,0.086197,0.08999,0.093812,0.097637,0.10144,0.10519,0.10887,0.11244,0.11587,0.11914,0.12222,0.12509,0.12772,0.13009,0.13218,0.13397,0.13547,0.13665,0.13752,0.13809,0.13837,0.13836,0.1381,0.13761,0.13692,0.13609,0.13515,0.13416,0.13318,0.13227,0.13149,0.1309,0.13056,0
0,0.049465,0.048752,0.047962,0.047127,0.046283,0.04547,0.044727,0.044088,0.043583,0.043238,0.043072,0.0431,0.043336,0.043786,0.044456,0.045348,0.046464,0.047802,0.049361,0.051135,0.053121,0.055312,0.057701,0.060278,0.063036,0.065962,0.069044,0.072268,0.07562,0.079082,0.082636,0.086263,0.08994,0.093645,0.097354,0.10104,0.10468,0.10825,0.11171,0.11504,0.11822,0.12121,0.124,0.12656,0.12886,0.1309,0.13266,0.13413,0.1353,0.13617,0.13675,0.13705,0.13708,0.13687,0.13643,0.13581,0.13504,0.13417,0.13323,0.13227,0.13135,0.13052,0.1298,0.12924,0
0,0.050822,0.04985,0.048887,0.047946,0.047051,0.046224,0.045494,0.044884,0.044417,0.044113,0.043986,0.044049,0.044311,0.044779,0.045458,0.04635,0.047455,0.048773,0.050302,0.052039,0.053978,0.056115,0.058442,0.060952,0.063637,0.066485,0.069484,0.072623,0.075886,0.079257,0.082719,0.086252,0.089836,0.093449,0.097066,0.10066,0.10422,0.1077,0.11108,0.11434,0.11744,0.12037,0.1231,0.12561,0.12787,0.12987,0.1316,0.13305,0.13421,0.13508,0.13566,0.13598,0.13603,0.13584,0.13543,0.13484,0.1341,0.13324,0.1323,0.13133,0.13035,0.12942,0.12854,0.12775,0
0,0.052168,0.050937,0.049787,0.048719,0.047743,0.046874,0.046128,0.045521,0.04507,0.044786,0.044682,0.044766,0.045045,0.045525,0.046208,0.047097,0.048192,0.049491,0.050994,0.052696,0.054595,0.056685,0.05896,0.061413,0.064036,0.066818,0.06975,0.072818,0.076009,0.079308,0.082696,0.086157,0.089669,0.093211,0.096761,0.10029,0.10378,0.10721,0.11053,0.11374,0.1168,0.11968,0.12238,0.12485,0.12708,0.12906,0.13077,0.13221,0.13336,0.13422,0.13481,0.13512,0.13518,0.13499,0.13459,0.134,0.13325,0.13238,0.13141,0.13038,0.12932,0.12825,0.1272,0.12617,0
0,0.053423,0.051943,0.050601,0.049393,0.04832,0.047388,0.046606,0.045982,0.045527,0.045248,0.045152,0.045246,0.045534,0.046019,0.046702,0.047585,0.048669,0.049951,0.05143,0.053103,0.054967,0.057018,0.059249,0.061654,0.064226,0.066956,0.069833,0.072846,0.075981,0.079224,0.082559,0.085966,0.089428,0.092922,0.096426,0.099917,0.10337,0.10675,0.11005,0.11323,0.11626,0.11913,0.1218,0.12426,0.12648,0.12845,0.13015,0.13158,0.13272,0.13358,0.13416,0.13447,0.13452,0.13432,0.13391,0.13329,0.13251,0.13159,0.13056,0.12945,0.12828,0.12707,0.12584,0.12459,0
0,0.054524,0.052809,0.051279,0.049925,0.048744,0.047736,0.046902,0.046246,0.045773,0.045485,0.045387,0.045481,0.045769,0.046253,0.046933,0.047809,0.04888,0.050146,0.051604,0.053252,0.055087,0.057104,0.0593,0.061667,0.064199,0.066888,0.069724,0.072696,0.075791,0.078996,0.082294,0.085669,0.0891,0.092567,0.096048,0.099519,0.10296,0.10633,0.10962,0.11279,0.11582,0.11869,0.12136,0.12382,0.12605,0.12802,0.12973,0.13115,0.1323,0.13315,0.13372,0.13402,0.13404,0.13382,0.13338,0.13272,0.13189,0.1309,0.12979,0.12857,0.12727,0.12592,0.1245,0.12304,0
0,0.055423,0.053487,0.051774,0.050274,0.04898,0.047887,0.046991,0.046292,0.045789,0.045483,0.045373,0.045459,0.045741,0.046219,0.046891,0.047758,0.048817,0.050067,0.051507,0.053134,0.054945,0.056936,0.059103,0.061441,0.063944,0.066603,0.069411,0.072356,0.075427,0.07861,0.08189,0.08525,0.088671,0.092133,0.095613,0.099086,0.10253,0.10592,0.10922,0.11241,0.11546,0.11835,0.12104,0.12353,0.12577,0.12776,0.12948,0.13091,0.13206,0.13291,0.13347,0.13375,0.13375,0.13349,0.133,0.13229,0.13138,0.13031,0.12909,0.12776,0.12632,0.12481,0.12322,0.12155,0
0,0.056082,0.053937,0.052049,0.050405,0.048995,0.047812,0.046847,0.046097,0.045557,0.045224,0.045095,0.045167,0.045437,0.045905,0.046567,0.047422,0.048469,0.049705,0.051129,0.052738,0.05453,0.056501,0.058647,0.060965,0.063448,0.066089,0.068881,0.071813,0.074875,0.078053,0.081332,0.084696,0.088126,0.091603,0.095102,0.098601,0.10207,0.10549,0.10883,0.11206,0.11516,0.11809,0.12083,0.12335,0.12563,0.12765,0.12939,0.13085,0.132,0.13285,0.13341,0.13366,0.13363,0.13333,0.13277,0.13199,0.131,0.12982,0.12849,0.12702,0.12544,0.12377,0.122,0.12014,0
0,0.056467,0.054127,0.05207,0.050285,0.04876,0.047483,0.046446,0.045639,0.045056,0.04469,0.044536,0.044588,0.044843,0.045297,0.045947,0.04679,0.047824,0.049047,0.050457,0.052052,0.053829,0.055786,0.057919,0.060225,0.062698,0.065332,0.06812,0.071052,0.074119,0.077307,0.080603,0.083989,0.087448,0.090959,0.094499,0.098045,0.10157,0.10505,0.10845,0.11174,0.1149,0.11789,0.12069,0.12327,0.12561,0.12768,0.12946,0.13094,0.13212,0.13297,0.13352,0.13375,0.13368,0.13332,0.1327,0.13183,0.13074,0.12945,0.12799,0.12639,0.12465,0.12281,0.12087,0.11883,0
0,0.056553,0.054026,0.051808,0.049886,0.048246,0.046876,0.045763,0.044896,0.044265,0.043862,0.043678,0.043707,0.043943,0.044381,0.045016,0.045847,0.046868,0.048079,0.049478,0.051062,0.052829,0.054777,0.056903,0.059205,0.061677,0.064314,0.06711,0.070055,0.073141,0.076355,0.079683,0.083109,0.086615,0.090181,0.093783,0.097397,0.101,0.10455,0.10804,0.11142,0.11466,0.11775,0.12063,0.12329,0.1257,0.12783,0.12967,0.13119,0.13239,0.13326,0.1338,0.13401,0.1339,0.13349,0.13279,0.13183,0.13062,0.12921,0.12761,0.12585,0.12395,0.12194,0.11982,0.11761,0
0,0.056315,0.053611,0.051237,0.049181,0.047429,0.045964,0.044774,0.043845,0.043164,0.04272,0.042503,0.042506,0.04272,0.04314,0.04376,0.044576,0.045586,0.046786,0.048175,0.049751,0.051512,0.053457,0.055583,0.057887,0.060367,0.063017,0.065831,0.068802,0.07192,0.075174,0.07855,0.082034,0.085605,0.089245,0.09293,0.096635,0.10033,0.10399,0.10758,0.11108,0.11443,0.11762,0.12062,0.12338,0.12588,0.1281,0.13,0.13158,0.13282,0.13371,0.13425,0.13444,0.13429,0.13381,0.13303,0.13197,0.13065,0.12909,0.12734,0.12542,0.12335,0.12116,0.11886,0.11648,0
0,0.055732,0.052858,0.050333,0.048147,0.046283,0.044725,0.043457,0.042464,0.04173,0.041243,0.040992,0.040966,0.041156,0.041556,0.042159,0.042962,0.043959,0.04515,0.046531,0.048102,0.049861,0.051807,0.053938,0.056252,0.058747,0.061419,0.064262,0.067269,0.070432,0.07374,0.07718,0.080737,0.084393,0.088126,0.091915,0.095732,0.099549,0.10334,0.10706,0.11069,0.11418,0.11751,0.12063,0.12352,0.12614,0.12846,0.13046,0.13211,0.1334,0.13432,0.13487,0.13504,0.13485,0.13431,0.13344,0.13227,0.13081,0.12911,0.1272,0.1251,0.12285,0.12047,0.11799,0.11543,0
0,0.054785,0.051745,0.049074,0.04676,0.044787,0.043136,0.041789,0.040731,0.039943,0.039412,0.039124,0.039067,0.039232,0.039611,0.040197,0.040984,0.04197,0.043152,0.044527,0.046095,0.047854,0.049805,0.051946,0.054276,0.056793,0.059495,0.062375,0.065429,0.068649,0.072025,0.075543,0.07919,0.082946,0.086793,0.090705,0.094656,0.098617,0.10256,0.10644,0.11023,0.11389,0.11738,0.12066,0.1237,0.12646,0.12891,0.13101,0.13276,0.13412,0.13508,0.13565,0.13581,0.13558,0.13498,0.13402,0.13272,0.13113,0.12927,0.12718,0.12489,0.12244,0.11987,0.11719,0.11444,0
0,0.053456,0.050254,0.047439,0.044999,0.042917,0.041173,0.039749,0.038624,0.037782,0.037205,0.036878,0.03679,0.036928,0.037284,0.037852,0.038624,0.039598,0.040771,0.042141,0.043707,0.04547,0.047429,0.049584,0.051934,0.054479,0.057217,0.060143,0.063254,0.066541,0.069995,0.073606,0.077357,0.081231,0.085209,0.089265,0.093372,0.0975,0.10162,0.10568,0.10966,0.11351,0.1172,0.12067,0.12389,0.12682,0.12942,0.13166,0.13352,0.13497,0.13599,0.13659,0.13675,0.13649,0.13582,0.13476,0.13335,0.1316,0.12957,0.12729,0.1248,0.12214,0.11935,0.11646,0.11351,0
0,0.051727,0.048365,0.045407,0.042843,0.040653,0.038817,0.037313,0.036123,0.035224,0.0346,0.034234,0.034112,0.034223,0.034555,0.035103,0.03586,0.036821,0.037985,0.03935,0.040916,0.042683,0.044651,0.046823,0.049197,0.051775,0.054554,0.057533,0.060708,0.064071,0.067615,0.07133,0.075199,0.079208,0.083334,0.087554,0.091839,0.096158,0.10048,0.10475,0.10895,0.11303,0.11693,0.12062,0.12406,0.12719,0.12997,0.13238,0.13438,0.13594,0.13705,0.13769,0.13786,0.13757,0.13684,0.13569,0.13414,0.13224,0.13002,0.12754,0.12482,0.12193,0.11891,0.11579,0.11262,0
0,0.04958,0.046059,0.04296,0.040271,0.037973,0.036044,0.034462,0.033204,0.032249,0.031576,0.031169,0.031013,0.031094,0.031402,0.031928,0.032667,0.033615,0.034769,0.036129,0.037693,0.039465,0.041445,0.043634,0.046034,0.048647,0.051472,0.054508,0.057752,0.0612,0.064843,0.068672,0.072673,0.076829,0.08112,0.085522,0.090006,0.09454,0.099086,0.1036,0.10805,0.11238,0.11654,0.12049,0.12417,0.12754,0.13055,0.13315,0.13532,0.13702,0.13823,0.13894,0.13914,0.13884,0.13805,0.1368,0.13512,0.13305,0.13063,0.12792,0.12497,0.12183,0.11854,0.11517,0.11176,0
0,0.046999,0.043318,0.040076,0.037262,0.034856,0.032834,0.031172,0.029846,0.028833,0.028111,0.027662,0.027469,0.027519,0.0278,0.028303,0.029023,0.029956,0.031098,0.03245,0.034013,0.035787,0.037777,0.039984,0.04241,0.045059,0.047932,0.051028,0.054346,0.057882,0.061631,0.065582,0.069725,0.074042,0.078514,0.083116,0.087819,0.09259,0.097391,0.10218,0.10691,0.11153,0.11598,0.12022,0.12419,0.12784,0.1311,0.13395,0.13632,0.13819,0.13954,0.14034,0.14059,0.14028,0.13945,0.1381,0.13628,0.13403,0.13141,0.12846,0.12524,0.12182,0.11825,0.11459,0.11089,0
0,0.043965,0.040122,0.036737,0.033797,0.031281,0.029165,0.027422,0.026027,0.024955,0.024182,0.023689,0.023458,0.023474,0.023726,0.024204,0.024902,0.025816,0.026944,0.028286,0.029843,0.031618,0.033615,0.035837,0.038288,0.040971,0.04389,0.047046,0.05044,0.054068,0.057926,0.062006,0.066299,0.070787,0.075452,0.080271,0.085212,0.090244,0.095324,0.10041,0.10545,0.1104,0.11519,0.11976,0.12406,0.12803,0.1316,0.13473,0.13735,0.13944,0.14096,0.14188,0.1422,0.14191,0.14104,0.13961,0.13765,0.13521,0.13236,0.12914,0.12564,0.12191,0.11802,0.11403,0.11002,0
0,0.040461,0.036453,0.032922,0.029854,0.027227,0.025016,0.023191,0.021725,0.020591,0.019766,0.019227,0.018955,0.018935,0.019154,0.019604,0.020276,0.021168,0.022277,0.023604,0.025152,0.026923,0.028922,0.031154,0.033625,0.036339,0.039302,0.042515,0.045982,0.049701,0.053669,0.057882,0.062328,0.066996,0.071865,0.076913,0.08211,0.087422,0.092809,0.098224,0.10361,0.10892,0.11409,0.11904,0.12372,0.12806,0.13199,0.13545,0.13838,0.14073,0.14246,0.14354,0.14397,0.14373,0.14284,0.14132,0.13923,0.1366,0.1335,0.13,0.12618,0.1221,0.11785,0.1135,0.10913,0
0,0.036467,0.032291,0.028611,0.025412,0.022673,0.020363,0.018454,0.016915,0.015719,0.014838,0.014251,0.013935,0.013876,0.01406,0.014476,0.015118,0.015983,0.017067,0.018374,0.019905,0.021665,0.02366,0.025896,0.028379,0.031117,0.034116,0.03738,0.040915,0.04472,0.048797,0.05314,0.057742,0.062592,0.067672,0.072959,0.078427,0.08404,0.089756,0.095527,0.1013,0.10701,0.1126,0.11798,0.1231,0.12787,0.13221,0.13606,0.13935,0.14202,0.14402,0.14531,0.14588,0.14572,0.14484,0.14326,0.14103,0.1382,0.13485,0.13104,0.12687,0.12241,0.11776,0.11299,0.1082,0
0,0.031964,0.027615,0.023782,0.02045,0.017595,0.015185,0.013189,0.011576,0.010314,0.0093759,0.0087365,0.0083745,0.0082721,0.0084152,0.0087933,0.0093995,0.01023,0.011283,0.012561,0.014068,0.015808,0.017789,0.020018,0.022503,0.025255,0.028279,0.031585,0.035177,0.039061,0.043237,0.047705,0.05246,0.057491,0.062784,0.068318,0.074066,0.079995,0.086061,0.092217,0.098405,0.10456,0.11061,0.11648,0.12209,0.12735,0.13218,0.13649,0.14021,0.14326,0.1456,0.14716,0.14793,0.14789,0.14705,0.14543,0.14307,0.14005,0.13642,0.13228,0.12773,0.12284,0.11774,0.1125,0.10724,0
0,0.026931,0.022405,0.018415,0.014945,0.01197,0.0094576,0.0073728,0.0056818,0.0043519,0.0033533,0.0026589,0.0022461,0.0020958,0.0021932,0.0025271,0.0030902,0.0038788,0.0048919,0.0061318,0.0076028,0.0093114,0.011266,0.013475,0.015949,0.018699,0.021735,0.025067,0.028704,0.032652,0.036915,0.041497,0.046394,0.0516,0.057103,0.062884,0.068919,0.075175,0.08161,0.088175,0.094811,0.10145,0.10802,0.11443,0.12059,0.12641,0.1318,0.13665,0.14088,0.14441,0.14715,0.14906,0.15009,0.15023,0.14947,0.14784,0.14538,0.14215,0.13825,0.13375,0.12878,0.12342,0.11781,0.11204,0.10622,0
0,0.021348,0.016638,0.012485,0.0088746,0.0057767,0.0031575,0.00098051,-0.00079108,-0.0021921,-0.0032548,-0.004008,-0.0044762,-0.0046795,-0.004634,-0.0043515,-0.0038395,-0.003102,-0.0021396,-0.00094964,0.00047304,0.002136,0.0040485,0.0062216,0.0086671,0.011398,0.014426,0.017765,0.021425,0.025418,0.02975,0.034428,0.039452,0.044819,0.050522,0.056545,0.062865,0.069453,0.076269,0.083264,0.090377,0.097538,0.10467,0.11168,0.11846,0.12492,0.13095,0.13644,0.14127,0.14536,0.14861,0.15095,0.15233,0.15271,0.1521,0.15049,0.14796,0.14454,0.14035,0.13548,0.13004,0.12417,0.11798,0.1116,0.10516,0
0,0.015193,0.010292,0.0059713,0.0022139,-0.0010111,-0.0037404,-0.0060129,-0.0078683,-0.0093438,-0.010474,-0.01129,-0.011819,-0.012081,-0.012094,-0.011871,-0.01142,-0.010744,-0.0098442,-0.0087179,-0.0073587,-0.0057583,-0.0039058,-0.0017889,0.00060639,0.0032948,0.0062917,0.0096123,0.013272,0.017283,0.021658,0.026407,0.031534,0.037042,0.042926,0.049176,0.055774,0.062692,0.069895,0.077333,0.084948,0.092667,0.10041,0.10807,0.11555,0.12274,0.1295,0.13572,0.14127,0.14603,0.1499,0.15278,0.1546,0.15532,0.15492,0.15341,0.15083,0.14725,0.14277,0.1375,0.13157,0.12512,0.11829,0.11123,0.10406,0
0,0.0084412,0.0033425,-0.0011523,-0.0050616,-0.0084184,-0.011262,-0.013633,-0.015576,-0.017129,-0.018331,-0.019215,-0.019809,-0.020136,-0.020215,-0.02006,-0.01968,-0.019077,-0.018254,-0.017207,-0.015929,-0.01441,-0.012639,-0.010602,-0.0082824,-0.0056634,-0.0027271,0.00054487,0.0041708,0.0081681,0.012553,0.017339,0.022538,0.028155,0.034193,0.040647,0.047504,0.054741,0.062326,0.070214,0.078348,0.086655,0.095049,0.10343,0.11168,0.11967,0.12727,0.13434,0.14073,0.14629,0.1509,0.15445,0.15684,0.15801,0.15792,0.15657,0.15401,0.15029,0.14553,0.13985,0.13339,0.12631,0.11878,0.11094,0.10295,0
0,0.0010701,-0.0042348,-0.008911,-0.012978,-0.016472,-0.019433,-0.021908,-0.023941,-0.025576,-0.026853,-0.027808,-0.028473,-0.028872,-0.029025,-0.028947,-0.028648,-0.028132,-0.027401,-0.02645,-0.025272,-0.023857,-0.022192,-0.020261,-0.018047,-0.015529,-0.012688,-0.0095007,-0.0059466,-0.0020034,0.0023496,0.0071317,0.01236,0.018046,0.0242,0.030822,0.037907,0.045439,0.053392,0.061727,0.070388,0.079305,0.088391,0.097541,0.10663,0.11553,0.12408,0.13211,0.13947,0.14599,0.1515,0.15587,0.15897,0.16072,0.16107,0.15999,0.15751,0.15371,0.14869,0.14259,0.13557,0.1278,0.11948,0.11077,0.10185,0
0,-0.0069459,-0.012466,-0.017331,-0.021563,-0.025199,-0.028283,-0.030863,-0.03299,-0.03471,-0.036066,-0.037098,-0.037838,-0.038314,-0.038549,-0.038558,-0.038352,-0.037937,-0.037313,-0.036476,-0.03542,-0.034133,-0.032601,-0.030806,-0.02873,-0.02635,-0.023643,-0.020584,-0.017147,-0.013305,-0.0090342,-0.0043078,0.00089704,0.0066005,0.012818,0.019561,0.026831,0.034622,0.042915,0.051677,0.060861,0.0704,0.080208,0.090177,0.10018,0.11007,0.11968,0.12882,0.13731,0.14494,0.15153,0.1569,0.1609,0.1634,0.16432,0.16363,0.16135,0.15753,0.15229,0.14578,0.13817,0.12966,0.12046,0.11078,0.10081,0
0,-0.015633,-0.021379,-0.026442,-0.030845,-0.034628,-0.037839,-0.04053,-0.042754,-0.044561,-0.045999,-0.047109,-0.04793,-0.048489,-0.048813,-0.048918,-0.048816,-0.048515,-0.048015,-0.047313,-0.046401,-0.045267,-0.043897,-0.042272,-0.04037,-0.038168,-0.035639,-0.032756,-0.029488,-0.025804,-0.021674,-0.017064,-0.011946,-0.0062897,-7.1048e-05,0.0067301,0.014127,0.022123,0.03071,0.039867,0.049554,0.059711,0.070257,0.081086,0.092065,0.10304,0.11382,0.12421,0.13399,0.14293,0.1508,0.15738,0.16248,0.16593,0.16762,0.16749,0.16553,0.16179,0.15639,0.14948,0.14126,0.13196,0.12181,0.11104,0.099886,0
0,-0.02502,-0.031003,-0.036274,-0.040856,-0.044792,-0.048134,-0.050938,-0.053261,-0.055157,-0.056678,-0.05787,-0.058774,-0.059421,-0.05984,-0.060049,-0.060063,-0.059889,-0.059529,-0.05898,-0.058236,-0.057283,-0.056105,-0.054684,-0.052996,-0.051016,-0.048715,-0.046061,-0.04302,-0.039557,-0.035633,-0.031212,-0.026254,-0.020722,-0.014581,-0.0077988,-0.00035068,0.0077804,0.0166,0.026099,0.03625,0.047005,0.058289,0.070002,0.08201,0.094149,0.10622,0.11801,0.12926,0.13971,0.14908,0.15711,0.16356,0.16821,0.1709,0.17153,0.17006,0.16653,0.16104,0.15378,0.14495,0.1348,0.12361,0.11164,0.099157,0
0,-0.035135,-0.041369,-0.046858,-0.051627,-0.055723,-0.059201,-0.06212,-0.064542,-0.066528,-0.068133,-0.069407,-0.070395,-0.071133,-0.071651,-0.071971,-0.072109,-0.072075,-0.071871,-0.071495,-0.07094,-0.070194,-0.069241,-0.068061,-0.066628,-0.064917,-0.062895,-0.060527,-0.057777,-0.054604,-0.050963,-0.04681,-0.042098,-0.036779,-0.030807,-0.024137,-0.01673,-0.0085526,0.00041576,0.010183,0.020739,0.032048,0.044051,0.056654,0.069728,0.083106,0.096581,0.10991,0.12281,0.13499,0.14611,0.15587,0.16395,0.17008,0.17404,0.17568,0.17491,0.17176,0.16632,0.15876,0.14933,0.13831,0.126,0.11271,0.098733,0
0,-0.046011,-0.05251,-0.058229,-0.063196,-0.067458,-0.071074,-0.074109,-0.076631,-0.078704,-0.080391,-0.081745,-0.082816,-0.083645,-0.084264,-0.084699,-0.084969,-0.085084,-0.085049,-0.084863,-0.08452,-0.084008,-0.08331,-0.082406,-0.081272,-0.079877,-0.078188,-0.076169,-0.073777,-0.070968,-0.067692,-0.063896,-0.059524,-0.054519,-0.048821,-0.042371,-0.035115,-0.027,-0.017987,-0.0080479,0.0028278,0.014626,0.027302,0.040778,0.054934,0.069605,0.084577,0.09959,0.11434,0.12847,0.14162,0.1534,0.16344,0.17138,0.17693,0.17988,0.18009,0.17754,0.1723,0.16455,0.15456,0.14263,0.12912,0.11439,0.098752,0
0,-0.057681,-0.064463,-0.070427,-0.0756,-0.080034,-0.083792,-0.086943,-0.089562,-0.091719,-0.093481,-0.09491,-0.096059,-0.096975,-0.097693,-0.098244,-0.098648,-0.098919,-0.099064,-0.099083,-0.09897,-0.098716,-0.098303,-0.097712,-0.096916,-0.095886,-0.094586,-0.092978,-0.091015,-0.088649,-0.085823,-0.082479,-0.078551,-0.07397,-0.068663,-0.062557,-0.055577,-0.047653,-0.038721,-0.028729,-0.017642,-0.0054508,0.0078264,0.022131,0.037358,0.053353,0.069899,0.086724,0.10349,0.11982,0.13528,0.14942,0.16177,0.1719,0.17943,0.18405,0.18556,0.18388,0.17906,0.17126,0.16077,0.14794,0.13317,0.11686,0.09939,0
0,-0.070182,-0.077268,-0.083492,-0.088884,-0.093496,-0.097397,-0.10066,-0.10337,-0.1056,-0.10743,-0.10893,-0.11014,-0.11114,-0.11195,-0.11261,-0.11315,-0.11358,-0.11391,-0.11414,-0.11427,-0.1143,-0.1142,-0.11395,-0.11353,-0.11291,-0.11206,-0.11092,-0.10946,-0.10762,-0.10533,-0.10254,-0.099161,-0.095123,-0.090334,-0.084706,-0.078143,-0.070553,-0.061848,-0.051946,-0.040784,-0.028321,-0.014546,0.00051139,0.016769,0.034088,0.05226,0.071005,0.089967,0.10872,0.12678,0.14362,0.15868,0.17143,0.18137,0.18809,0.19129,0.19083,0.18669,0.17904,0.16816,0.15445,0.13836,0.12035,0.10087,0
0,-0.083555,-0.09097,-0.097474,-0.1031,-0.10789,-0.11194,-0.11531,-0.1181,-0.12039,-0.12227,-0.12382,-0.12509,-0.12614,-0.12703,-0.1278,-0.12846,-0.12904,-0.12956,-0.13001,-0.1304,-0.13072,-0.13095,-0.13108,-0.13107,-0.13091,-0.13054,-0.12994,-0.12905,-0.12781,-0.12615,-0.12401,-0.1213,-0.11792,-0.11378,-0.10878,-0.10278,-0.095687,-0.08737,-0.077722,-0.066645,-0.054059,-0.039919,-0.024218,-0.0070063,0.011603,0.031418,0.05216,0.073462,0.094861,0.11582,0.13572,0.15391,0.16974,0.18258,0.19189,0.19726,0.19842,0.19532,0.18806,0.17696,0.16242,0.14497,0.12515,0.10347,0
0,-0.097847,-0.10562,-0.11243,-0.11829,-0.12328,-0.12746,-0.13093,-0.13379,-0.13613,-0.13804,-0.1396,-0.1409,-0.142,-0.14295,-0.14379,-0.14456,-0.14529,-0.14598,-0.14665,-0.1473,-0.14792,-0.1485,-0.14902,-0.14946,-0.14978,-0.14996,-0.14994,-0.14968,-0.14912,-0.14818,-0.14679,-0.14485,-0.14226,-0.13891,-0.13467,-0.1294,-0.12297,-0.11522,-0.106,-0.095187,-0.082654,-0.068312,-0.05211,-0.034056,-0.014228,0.0072083,0.029989,0.053742,0.077979,0.1021,0.12543,0.14719,0.1666,0.18289,0.19535,0.20342,0.20672,0.20507,0.19854,0.18741,0.17216,0.15335,0.13161,0.10752,0
0,-0.11311,-0.12128,-0.12841,-0.13453,-0.13971,-0.14403,-0.14759,-0.15049,-0.15284,-0.15475,-0.15631,-0.1576,-0.1587,-0.15968,-0.16057,-0.16143,-0.16227,-0.16313,-0.16401,-0.16491,-0.16583,-0.16676,-0.16769,-0.16859,-0.16943,-0.17019,-0.17081,-0.17124,-0.17142,-0.17127,-0.17072,-0.16966,-0.16798,-0.16554,-0.16222,-0.15784,-0.15223,-0.14523,-0.13664,-0.12628,-0.11399,-0.099634,-0.083103,-0.064355,-0.043421,-0.020427,0.0043905,0.030666,0.057896,0.085443,0.11254,0.13831,0.16183,0.18215,0.19838,0.20978,0.21579,0.21611,0.21071,0.19985,0.18403,0.16389,0.14014,0.11346,0
0,-0.1294,-0.13801,-0.1455,-0.1519,-0.15728,-0.16172,-0.16534,-0.16826,-0.17059,-0.17245,-0.17395,-0.17519,-0.17625,-0.17721,-0.17811,-0.17902,-0.17995,-0.18094,-0.182,-0.18313,-0.18435,-0.18563,-0.18697,-0.18834,-0.18972,-0.19108,-0.19237,-0.19354,-0.19452,-0.19524,-0.19561,-0.19552,-0.19485,-0.19346,-0.19118,-0.18784,-0.18323,-0.17715,-0.16937,-0.15968,-0.14784,-0.13367,-0.11701,-0.097741,-0.07585,-0.051405,-0.024602,0.0042172,0.034552,0.065729,0.096914,0.12713,0.15528,0.18025,0.20093,0.21636,0.22575,0.22864,0.22488,0.21466,0.1985,0.1771,0.15127,0.12179,0
0,-0.1468,-0.1559,-0.16378,-0.17048,-0.17605,-0.1806,-0.18426,-0.18714,-0.1894,-0.19116,-0.19255,-0.19367,-0.19463,-0.19551,-0.19637,-0.19727,-0.19824,-0.19932,-0.20053,-0.20187,-0.20335,-0.20497,-0.20671,-0.20855,-0.21048,-0.21246,-0.21444,-0.21637,-0.2182,-0.21984,-0.2212,-0.22216,-0.22259,-0.22235,-0.22124,-0.21908,-0.21562,-0.21064,-0.20386,-0.19501,-0.18383,-0.17006,-0.15348,-0.1339,-0.11123,-0.085479,-0.056787,-0.025453,0.0080391,0.043004,0.078552,0.1136,0.14692,0.17717,0.20302,0.22323,0.23677,0.24294,0.24141,0.2323,0.21608,0.19355,0.16561,0.13315,0
0,-0.16538,-0.17504,-0.18336,-0.19037,-0.19614,-0.20078,-0.20442,-0.20722,-0.20934,-0.21092,-0.21211,-0.21304,-0.21381,-0.21454,-0.21528,-0.21611,-0.21706,-0.21818,-0.21948,-0.22099,-0.2227,-0.22462,-0.22674,-0.22905,-0.23151,-0.2341,-0.23679,-0.23951,-0.24221,-0.2448,-0.24719,-0.24927,-0.25088,-0.25186,-0.25203,-0.25115,-0.24898,-0.24524,-0.23962,-0.23181,-0.22148,-0.20832,-0.19202,-0.17233,-0.14909,-0.12221,-0.091766,-0.057999,-0.021352,0.017497,0.057623,0.097859,0.13682,0.17298,0.20474,0.23056,0.24909,0.25935,0.26077,0.25333,0.23745,0.21397,0.18391,0.14831,0
0,-0.18526,-0.19555,-0.20436,-0.21171,-0.21767,-0.22236,-0.22593,-0.22857,-0.23045,-0.23175,-0.23264,-0.23327,-0.23377,-0.23424,-0.23477,-0.23544,-0.2363,-0.23738,-0.23872,-0.24033,-0.24223,-0.24441,-0.24687,-0.2496,-0.25258,-0.25578,-0.25915,-0.26266,-0.26624,-0.2698,-0.27326,-0.27648,-0.27931,-0.28159,-0.2831,-0.2836,-0.28281,-0.28043,-0.27611,-0.26948,-0.26017,-0.24779,-0.23197,-0.21238,-0.18876,-0.16095,-0.12893,-0.092851,-0.053107,-0.010342,0.03451,0.08022,0.12528,0.16794,0.20635,0.23863,0.26307,0.27832,0.28352,0.27842,0.26337,0.23921,0.2071,0.1682,0
0,-0.20655,-0.21758,-0.22695,-0.23466,-0.24079,-0.24548,-0.2489,-0.25127,-0.2528,-0.2537,-0.25416,-0.25436,-0.25445,-0.25454,-0.25475,-0.25516,-0.25581,-0.25677,-0.25807,-0.25971,-0.26173,-0.26412,-0.26687,-0.26998,-0.27344,-0.27721,-0.28125,-0.28553,-0.28998,-0.29451,-0.29902,-0.3034,-0.30747,-0.31107,-0.31396,-0.31588,-0.31654,-0.31559,-0.31266,-0.30733,-0.29916,-0.28771,-0.27254,-0.25323,-0.22943,-0.20087,-0.16744,-0.12921,-0.086471,-0.039816,0.0098425,0.061241,0.11277,0.16249,0.20827,0.24788,0.2792,0.30044,0.31036,0.30841,0.29478,0.2703,0.23624,0.19392,0
0,-0.22943,-0.24132,-0.25132,-0.25941,-0.26569,-0.2703,-0.27347,-0.27544,-0.27646,-0.27679,-0.27666,-0.27626,-0.27578,-0.27535,-0.2751,-0.27511,-0.27546,-0.27619,-0.27734,-0.27893,-0.28099,-0.28351,-0.28649,-0.28993,-0.29381,-0.2981,-0.30278,-0.30779,-0.31307,-0.31854,-0.32409,-0.3296,-0.33491,-0.33981,-0.34408,-0.34744,-0.34956,-0.35007,-0.34857,-0.34459,-0.33764,-0.32722,-0.31281,-0.29391,-0.27007,-0.24094,-0.20628,-0.16604,-0.12044,-0.069966,-0.015483,0.041746,0.10004,0.15731,0.21114,0.25895,0.29815,0.32646,0.34216,0.34429,0.33281,0.30848,0.27265,0.22681,0
0,-0.25409,-0.267,-0.27772,-0.28622,-0.29259,-0.29703,-0.29979,-0.30118,-0.3015,-0.30105,-0.30011,-0.29892,-0.29768,-0.29655,-0.29567,-0.29514,-0.29504,-0.29542,-0.29631,-0.29775,-0.29976,-0.30233,-0.30546,-0.30916,-0.3134,-0.31816,-0.32341,-0.32909,-0.33516,-0.34151,-0.34806,-0.35466,-0.36115,-0.36733,-0.37293,-0.37769,-0.38124,-0.38319,-0.38309,-0.38046,-0.37474,-0.36538,-0.35178,-0.33336,-0.30958,-0.27998,-0.24422,-0.20213,-0.15378,-0.099584,-0.040304,0.022835,0.088121,0.15335,0.21586,0.2727,0.32082,0.35734,0.37998,0.38727,0.3788,0.3552,0.31787,0.26845,0
0,-0.28079,-0.29492,-0.30647,-0.31538,-0.32178,-0.3259,-0.32805,-0.32862,-0.32798,-0.32649,-0.32449,-0.32225,-0.32002,-0.31798,-0.31628,-0.31504,-0.31433,-0.31422,-0.31474,-0.31592,-0.31776,-0.32029,-0.3235,-0.32737,-0.3319,-0.33705,-0.3428,-0.3491,-0.35588,-0.36306,-0.37053,-0.37815,-0.38575,-0.39311,-0.39998,-0.40605,-0.41094,-0.41425,-0.41549,-0.41413,-0.40959,-0.40123,-0.3884,-0.37046,-0.34676,-0.31674,-0.27994,-0.23607,-0.18509,-0.12725,-0.063211,0.0058778,0.078326,0.15185,0.22361,0.29029,0.34834,0.39429,0.42513,0.43879,0.43435,0.4122,0.37372,0.32072,0
0,-0.30987,-0.32548,-0.33797,-0.34731,-0.35362,-0.3572,-0.35848,-0.35792,-0.35598,-0.35312,-0.34973,-0.34615,-0.34266,-0.33946,-0.33673,-0.33457,-0.33309,-0.33233,-0.33234,-0.33313,-0.33472,-0.33711,-0.34029,-0.34426,-0.34899,-0.35446,-0.36064,-0.36747,-0.37488,-0.3828,-0.3911,-0.39964,-0.40825,-0.4167,-0.42471,-0.43197,-0.43809,-0.44262,-0.44506,-0.44483,-0.44132,-0.43383,-0.42167,-0.40409,-0.3804,-0.34991,-0.31205,-0.26642,-0.21283,-0.15138,-0.082603,-0.0075286,0.07222,0.15434,0.23586,0.31314,0.38216,0.43877,0.47921,0.50059,0.50138,0.48155,0.4424,0.38586,0
0,-0.34178,-0.35918,-0.37277,-0.3825,-0.38854,-0.39131,-0.39134,-0.38922,-0.38556,-0.38091,-0.37575,-0.37047,-0.36539,-0.36075,-0.35673,-0.35345,-0.351,-0.34944,-0.3488,-0.34908,-0.3503,-0.35245,-0.35553,-0.3595,-0.36436,-0.37007,-0.37659,-0.38387,-0.39183,-0.40039,-0.40942,-0.41878,-0.42827,-0.43766,-0.44667,-0.45496,-0.46212,-0.46769,-0.47113,-0.47184,-0.46915,-0.46233,-0.45062,-0.43323,-0.40935,-0.37823,-0.3392,-0.29171,-0.23543,-0.17033,-0.096767,-0.015631,0.07157,0.16258,0.25433,0.34297,0.42399,0.49258,0.5441,0.57475,0.58215,0.5657,0.52648,0.4665,0
0,-0.37711,-0.39671,-0.41157,-0.42162,-0.42712,-0.42865,-0.42691,-0.4227,-0.41677,-0.4098,-0.40239,-0.39498,-0.38794,-0.38154,-0.37596,-0.37134,-0.36774,-0.36521,-0.36377,-0.36343,-0.36418,-0.36601,-0.36888,-0.37279,-0.3777,-0.38357,-0.39036,-0.398,-0.40642,-0.41551,-0.42516,-0.43521,-0.44545,-0.45563,-0.46547,-0.47459,-0.48259,-0.48897,-0.49317,-0.49455,-0.49241,-0.48598,-0.47444,-0.45694,-0.4326,-0.40059,-0.36013,-0.31055,-0.2514,-0.18248,-0.10399,-0.016624,0.078246,0.17847,0.28097,0.38173,0.47584,0.5578,0.62205,0.66371,0.67934,0.66756,0.62904,0.56578,0
0,-0.4167,-0.43902,-0.45532,-0.46552,-0.47006,-0.46974,-0.46554,-0.4585,-0.44959,-0.43967,-0.42942,-0.41939,-0.40998,-0.40147,-0.39405,-0.38783,-0.38289,-0.37924,-0.37688,-0.37581,-0.376,-0.37742,-0.38004,-0.38381,-0.38871,-0.39467,-0.40165,-0.40958,-0.41837,-0.4279,-0.43806,-0.44866,-0.45949,-0.4703,-0.48077,-0.49053,-0.49913,-0.50606,-0.51073,-0.51248,-0.51057,-0.50418,-0.49245,-0.47447,-0.44931,-0.41604,-0.37379,-0.32179,-0.25944,-0.18639,-0.10267,-0.0087883,0.09409,0.20396,0.31783,0.43157,0.53995,0.63683,0.71567,0.77035,0.79615,0.79061,0.75375,0.68743,0
0,-0.46166,-0.48738,-0.50527,-0.51532,-0.51824,-0.5152,-0.50757,-0.49674,-0.48396,-0.47028,-0.45653,-0.44331,-0.43106,-0.42007,-0.41051,-0.40247,-0.396,-0.39109,-0.38772,-0.38583,-0.3854,-0.38636,-0.38866,-0.39226,-0.39709,-0.4031,-0.41022,-0.41837,-0.42745,-0.43734,-0.44789,-0.45891,-0.47019,-0.48145,-0.49236,-0.50252,-0.51148,-0.51868,-0.52352,-0.52531,-0.52326,-0.51654,-0.50421,-0.48533,-0.4589,-0.42392,-0.37942,-0.32454,-0.25854,-0.18092,-0.091523,0.0093482,0.12074,0.24087,0.36688,0.49464,0.61869,0.73229,0.82789,0.898,0.93634,0.93899,0.90503,0.83593,0
0,-0.51361,-0.54359,-0.56316,-0.5725,-0.57278,-0.56574,-0.55335,-0.53746,-0.51968,-0.50128,-0.48322,-0.46618,-0.4506,-0.43675,-0.42477,-0.41471,-0.40657,-0.4003,-0.39583,-0.39308,-0.39199,-0.39247,-0.39445,-0.39785,-0.40261,-0.40864,-0.41586,-0.42418,-0.43349,-0.44364,-0.45449,-0.46583,-0.47741,-0.48895,-0.5001,-0.51045,-0.5195,-0.5267,-0.5314,-0.53288,-0.53032,-0.52285,-0.5095,-0.48927,-0.46108,-0.42388,-0.37662,-0.31832,-0.24811,-0.16534,-0.069671,0.038824,0.15944,0.29065,0.42982,0.57294,0.71438,0.8469,0.96195,1.0505,1.1043,1.1177,1.0883,1.0168,0
0,-0.57486,-0.61021,-0.6314,-0.63901,-0.63503,-0.62215,-0.60315,-0.58054,-0.55633,-0.53207,-0.50881,-0.48726,-0.46785,-0.45079,-0.43615,-0.42391,-0.41401,-0.40632,-0.40074,-0.39714,-0.39541,-0.39543,-0.39711,-0.40034,-0.40503,-0.41108,-0.4184,-0.42686,-0.43636,-0.44672,-0.45778,-0.46932,-0.48108,-0.49275,-0.50396,-0.51428,-0.52319,-0.53011,-0.53436,-0.5352,-0.53178,-0.52317,-0.50837,-0.48632,-0.4559,-0.41597,-0.3654,-0.3031,-0.22807,-0.13951,-0.036856,0.080046,0.21079,0.35415,0.5078,0.66797,0.82902,0.98329,1.1212,1.2321,1.3054,1.333,1.3102,1.2368,0
0,-0.64888,-0.69098,-0.71333,-0.7174,-0.70662,-0.68518,-0.65706,-0.62556,-0.59321,-0.56175,-0.53232,-0.50559,-0.48188,-0.46132,-0.44385,-0.42935,-0.41766,-0.40859,-0.40195,-0.39756,-0.39527,-0.39491,-0.39636,-0.39948,-0.40415,-0.41027,-0.41771,-0.42633,-0.43599,-0.44653,-0.45775,-0.46941,-0.48124,-0.4929,-0.50401,-0.51411,-0.52266,-0.52906,-0.53259,-0.53249,-0.52787,-0.51776,-0.50114,-0.47686,-0.44377,-0.40064,-0.34626,-0.27941,-0.19897,-0.10395,0.0064226,0.13259,0.27448,0.43126,0.60103,0.78038,0.96386,1.1436,1.309,1.4474,1.5458,1.5923,1.5795,1.5048,0
0,-0.74094,-0.7915,-0.81371,-0.81098,-0.78937,-0.75541,-0.71473,-0.67162,-0.62907,-0.58896,-0.55238,-0.51984,-0.49149,-0.46725,-0.44691,-0.4302,-0.41682,-0.4065,-0.39895,-0.39393,-0.39122,-0.39063,-0.39197,-0.3951,-0.39986,-0.40612,-0.41373,-0.42254,-0.4324,-0.4431,-0.45445,-0.46618,-0.47799,-0.48955,-0.50043,-0.51016,-0.51818,-0.52385,-0.52645,-0.52516,-0.51907,-0.50719,-0.48842,-0.4616,-0.42548,-0.37879,-0.32019,-0.24836,-0.16203,-0.059989,0.058775,0.19502,0.34909,0.52065,0.70838,0.90945,1.1189,1.3288,1.5278,1.7013,1.8325,1.9053,1.9073,1.8324,0
0,-0.85955,-0.92037,-0.93926,-0.92388,-0.88503,-0.83282,-0.77502,-0.71697,-0.66194,-0.61172,-0.56713,-0.52835,-0.4952,-0.46732,-0.44427,-0.42557,-0.41076,-0.39945,-0.39126,-0.38586,-0.38297,-0.38235,-0.38379,-0.38709,-0.39208,-0.3986,-0.40648,-0.41556,-0.42565,-0.43654,-0.44802,-0.45979,-0.47156,-0.48294,-0.49351,-0.50276,-0.51012,-0.51493,-0.51644,-0.5138,-0.50608,-0.49223,-0.47113,-0.44157,-0.40223,-0.35176,-0.28872,-0.21168,-0.11916,-0.0097693,0.11782,0.26475,0.43185,0.61943,0.82696,1.0525,1.2919,1.5379,1.7788,1.9977,2.1736,2.2841,2.3094,2.2364,0
0,-1.019,-1.0912,-1.0994,-1.0608,-0.99462,-0.91606,-0.83536,-0.75856,-0.68875,-0.6272,-0.57409,-0.529,-0.49126,-0.46011,-0.43477,-0.41453,-0.39875,-0.38688,-0.37844,-0.37302,-0.37028,-0.36993,-0.37172,-0.37541,-0.38083,-0.38777,-0.39605,-0.4055,-0.4159,-0.42705,-0.43868,-0.45052,-0.46223,-0.47342,-0.48365,-0.49238,-0.49904,-0.50293,-0.50329,-0.49924,-0.48982,-0.47397,-0.45051,-0.41817,-0.37561,-0.32137,-0.25393,-0.1717,-0.073048,0.043687,0.18015,0.33794,0.51848,0.72289,0.95168,1.2042,1.478,1.7669,2.0599,2.3387,2.5774,2.7444,2.8077,2.7417,0
0,-1.245,-1.3258,-1.3069,-1.2261,-1.1169,-1.0011,-0.89071,-0.79136,-0.70499,-0.63157,-0.57011,-0.51929,-0.47772,-0.44409,-0.41726,-0.39623,-0.38015,-0.36833,-0.36019,-0.35523,-0.35306,-0.35334,-0.35578,-0.36014,-0.36621,-0.37376,-0.38262,-0.39257,-0.4034,-0.41489,-0.42676,-0.43872,-0.45042,-0.46146,-0.47137,-0.47963,-0.48561,-0.48863,-0.48789,-0.4825,-0.47147,-0.45373,-0.42805,-0.39315,-0.34759,-0.28988,-0.21837,-0.13136,-0.027019,0.096566,0.2414,0.40957,0.60321,0.82439,1.075,1.3562,1.6679,2.0067,2.3639,2.7218,3.0501,3.3052,3.4352,3.389,0
0,-1.5876,-1.6598,-1.5766,-1.4205,-1.2455,-1.0791,-0.93224,-0.80769,-0.70442,-0.61996,-0.55153,-0.49649,-0.45256,-0.41784,-0.39074,-0.36998,-0.35453,-0.34356,-0.33638,-0.33246,-0.33135,-0.33268,-0.33615,-0.34149,-0.34846,-0.35686,-0.36647,-0.37709,-0.3885,-0.40044,-0.41267,-0.42485,-0.43664,-0.44763,-0.45734,-0.46523,-0.47067,-0.47297,-0.47131,-0.46479,-0.45243,-0.43309,-0.40557,-0.36852,-0.32049,-0.25989,-0.18503,-0.094045,0.015044,0.14441,0.2964,0.47363,0.67897,0.91558,1.1869,1.4966,1.8477,2.2414,2.6747,3.1344,3.5905,3.987,4.2408,4.2504,0
0,-2.1514,-2.1481,-1.9199,-1.6335,-1.3632,-1.1331,-0.94594,-0.79688,-0.67929,-0.58694,-0.51459,-0.45809,-0.41417,-0.38033,-0.35461,-0.33549,-0.3218,-0.31261,-0.30719,-0.30495,-0.30545,-0.30828,-0.31315,-0.31978,-0.32794,-0.33741,-0.34799,-0.35946,-0.3716,-0.38417,-0.39689,-0.40945,-0.42148,-0.43259,-0.44228,-0.45002,-0.45517,-0.45702,-0.45477,-0.44752,-0.43425,-0.41384,-0.38506,-0.34656,-0.29685,-0.2343,-0.15715,-0.063452,0.048931,0.18237,0.33955,0.52353,0.73789,0.9869,1.2757,1.6105,1.9985,2.4475,2.9638,3.5468,4.1778,4.8001,5.2931,5.4599,0
0,-3.1653,-2.8594,-2.3231,-1.8278,-1.4337,-1.1353,-0.91255,-0.74632,-0.62165,-0.52763,-0.45645,-0.40252,-0.3618,-0.33134,-0.30897,-0.29306,-0.28237,-0.27596,-0.2731,-0.27321,-0.27584,-0.28063,-0.28727,-0.29551,-0.30512,-0.3159,-0.32765,-0.34016,-0.35322,-0.36658,-0.37998,-0.39311,-0.40562,-0.41708,-0.42704,-0.43493,-0.44015,-0.44198,-0.43962,-0.43216,-0.41862,-0.39786,-0.36866,-0.32965,-0.27934,-0.21608,-0.13807,-0.043305,0.070436,0.20567,0.36531,0.55276,0.77215,1.0286,1.3288,1.6814,2.0978,2.5935,3.1878,3.902,4.7501,5.7113,6.6636,7.2691,0
0,-5.1143,-3.8125,-2.6894,-1.9121,-1.3954,-1.049,-0.81169,-0.64527,-0.52622,-0.43979,-0.3765,-0.33005,-0.29613,-0.27176,-0.25478,-0.24363,-0.23716,-0.23448,-0.23492,-0.23797,-0.24323,-0.25036,-0.2591,-0.26922,-0.28052,-0.29282,-0.30594,-0.31968,-0.33385,-0.34822,-0.36252,-0.37647,-0.38971,-0.40185,-0.41242,-0.4209,-0.42665,-0.429,-0.42715,-0.42021,-0.4072,-0.387,-0.35841,-0.32006,-0.27047,-0.208,-0.13085,-0.037012,0.075773,0.21007,0.36886,0.55572,0.77503,1.0324,1.3353,1.6939,2.1229,2.6441,3.2901,4.1098,5.1734,6.5645,8.3173,10.12,0
0,-8.8169,-4.6571,-2.7128,-1.726,-1.1761,-0.84485,-0.63303,-0.49156,-0.39415,-0.32578,-0.27738,-0.24321,-0.21949,-0.20363,-0.19383,-0.18878,-0.18752,-0.18934,-0.19369,-0.20016,-0.20841,-0.21819,-0.22928,-0.24151,-0.25469,-0.2687,-0.28336,-0.29852,-0.31399,-0.32957,-0.34503,-0.36007,-0.37438,-0.38757,-0.3992,-0.40874,-0.41561,-0.41913,-0.41854,-0.41295,-0.40142,-0.38284,-0.35604,-0.31969,-0.27232,-0.21233,-0.13795,-0.047217,0.062083,0.19246,0.34681,0.52861,0.74211,0.99276,1.2878,1.6375,2.0567,2.5689,3.2127,4.0557,5.2232,6.9539,9.7132,14.543,0
0,0,0,0,0,0,0,0,0,0,0,0,0,0,0,0,0,0,0,0,0,0,0,0,0,0,0,0,0,0,0,0,0,0,0,0,0,0,0,0,0,0,0,0,0,0,0,0,0,0,0,0,0,0,0,0,0,0,0,0,0,0,0,0,0,0
