0,0,0,0,0,0,0,0,0,0,0,0,0,0,0,0,0,0,0,0,0,0,0,0,0,0,0,0,0,0,0,0,0,0,0,0,0,0,0,0,0
0,6.5095e-05,0.00012199,8.9438e-05,-4.9034e-05,-0.00028404,-0.00059792,-0.0009719,-0.0013886,-0.0018328,-0.0022913,-0.0027525,-0.003206,-0.0036422,-0.0040516,-0.0044248,-0.0047525,-0.0050254,-0.0052346,-0.0053716,-0.0054293,-0.0054023,-0.0052871,-0.0050834,-0.0047939,-0.0044251,-0.003987,-0.0034934,-0.0029614,-0.0024106,-0.0018627,-0.0013398,-0.00086404,-0.00045567,-0.00013216,9.3347e-05,0.00021378,0.00023129,0.00016353,5.6088e-05,0
0,5.8671e-05,-1.1208e-05,-0.00034077,-0.00096726,-0.0018762,-0.0030276,-0.0043718,-0.0058581,-0.0074377,-0.0090659,-0.010702,-0.012307,-0.013845,-0.015283,-0.016585,-0.01772,-0.018655,-0.019361,-0.019811,-0.019984,-0.019863,-0.01944,-0.018718,-0.017707,-0.01643,-0.014924,-0.013233,-0.011413,-0.0095286,-0.0076482,-0.0058429,-0.0041818,-0.0027282,-0.001535,-0.00064001,-6.033e-05,0.00021546,0.00023736,0.00010768,0
0,-3.096e-05,-0.00036797,-0.0011136,-0.0022933,-0.0038815,-0.0058237,-0.0080509,-0.01049,-0.013068,-0.015717,-0.018371,-0.020969,-0.023454,-0.025768,-0.027858,-0.02967,-0.031156,-0.032269,-0.03297,-0.033226,-0.033014,-0.032325,-0.031163,-0.029547,-0.027516,-0.025123,-0.022439,-0.019549,-0.016551,-0.013548,-0.010648,-0.0079542,-0.0055619,-0.0035501,-0.0019751,-0.00086279,-0.00020038,7.2802e-05,7.5571e-05,0
0,-0.0001444,-0.0008092,-0.0020335,-0.0038082,-0.0060866,-0.0087972,-0.011855,-0.015171,-0.018653,-0.022216,-0.025775,-0.02925,-0.032565,-0.035646,-0.038421,-0.040822,-0.042785,-0.044251,-0.045169,-0.0455,-0.045215,-0.044304,-0.042774,-0.04065,-0.037981,-0.034836,-0.031305,-0.027495,-0.023529,-0.019538,-0.015657,-0.012018,-0.0087421,-0.0059297,-0.0036549,-0.0019555,-0.00082573,-0.00020914,7.4693e-06,0
0,-0.00025923,-0.0012698,-0.0029971,-0.0053853,-0.0083575,-0.011822,-0.015676,-0.019816,-0.024137,-0.028538,-0.03292,-0.037189,-0.041254,-0.045025,-0.048419,-0.051352,-0.05375,-0.055543,-0.056671,-0.057088,-0.056762,-0.055679,-0.053847,-0.051297,-0.048084,-0.044288,-0.040012,-0.035382,-0.03054,-0.025639,-0.020838,-0.016295,-0.012152,-0.0085328,-0.0055311,-0.0032011,-0.0015514,-0.0005397,-7.1066e-05,0
0,-0.00036846,-0.0017216,-0.0039525,-0.0069539,-0.010614,-0.014814,-0.019437,-0.024363,-0.029475,-0.03466,-0.039808,-0.044814,-0.049573,-0.053987,-0.057958,-0.061396,-0.064213,-0.066332,-0.067684,-0.068217,-0.067893,-0.066695,-0.06463,-0.061728,-0.058049,-0.05368,-0.048733,-0.043348,-0.037682,-0.031909,-0.026211,-0.020767,-0.015746,-0.011295,-0.0075316,-0.0045311,-0.002323,-0.00088626,-0.00014975,0
0,-0.00047057,-0.0021532,-0.0048743,-0.0084752,-0.012806,-0.017723,-0.023088,-0.028768,-0.034633,-0.040562,-0.046435,-0.052138,-0.057557,-0.062586,-0.067118,-0.071053,-0.074296,-0.076761,-0.07837,-0.079064,-0.078799,-0.077551,-0.075322,-0.072142,-0.068068,-0.06319,-0.057628,-0.051529,-0.045066,-0.038432,-0.03183,-0.025464,-0.019531,-0.014207,-0.0096367,-0.005923,-0.003122,-0.001238,-0.00022599,0
0,-0.00056557,-0.0025602,-0.0057501,-0.0099275,-0.014905,-0.020513,-0.026591,-0.032994,-0.039581,-0.046222,-0.05279,-0.059163,-0.065224,-0.070856,-0.075948,-0.080391,-0.084083,-0.086929,-0.088845,-0.089759,-0.089621,-0.088398,-0.086084,-0.082701,-0.078302,-0.072976,-0.066844,-0.060062,-0.052814,-0.04531,-0.037778,-0.030449,-0.023553,-0.017297,-0.011862,-0.0073846,-0.0039516,-0.0015967,-0.00030075,0
0,-0.00065374,-0.0029409,-0.006573,-0.011297,-0.016891,-0.023157,-0.029917,-0.037011,-0.044289,-0.051614,-0.058853,-0.065879,-0.07257,-0.078806,-0.084468,-0.089442,-0.093618,-0.096894,-0.099177,-0.10038,-0.10045,-0.099341,-0.097028,-0.093525,-0.088877,-0.083166,-0.076512,-0.069072,-0.061044,-0.052653,-0.044153,-0.035807,-0.027879,-0.020619,-0.014248,-0.0089428,-0.0048284,-0.0019707,-0.0003766,0
0,-0.00073514,-0.0032935,-0.0073379,-0.012574,-0.018747,-0.025634,-0.033039,-0.040789,-0.048727,-0.056707,-0.064595,-0.072259,-0.079575,-0.086418,-0.092667,-0.098202,-0.10291,-0.10667,-0.10939,-0.11097,-0.11134,-0.11043,-0.10822,-0.10469,-0.099881,-0.093857,-0.086734,-0.078669,-0.069867,-0.060571,-0.051059,-0.041631,-0.032592,-0.024241,-0.016847,-0.010636,-0.0057769,-0.0023722,-0.00045683,0
0,-0.00080954,-0.0036164,-0.0080396,-0.013748,-0.020457,-0.027922,-0.03593,-0.044297,-0.052857,-0.061463,-0.069975,-0.078261,-0.086195,-0.093651,-0.1005,-0.10663,-0.11191,-0.11623,-0.11946,-0.1215,-0.12227,-0.12167,-0.11967,-0.11622,-0.11135,-0.1051,-0.097579,-0.088934,-0.079376,-0.069162,-0.058597,-0.04802,-0.037784,-0.028242,-0.019723,-0.012511,-0.006826,-0.0028155,-0.00054506,0
0,-0.00087643,-0.003907,-0.0086721,-0.014809,-0.022006,-0.029999,-0.038561,-0.047498,-0.05664,-0.065834,-0.07494,-0.083828,-0.092369,-0.10044,-0.10791,-0.11466,-0.12056,-0.12548,-0.1293,-0.1319,-0.13317,-0.133,-0.13132,-0.12809,-0.12327,-0.1169,-0.10907,-0.099912,-0.089633,-0.078505,-0.066856,-0.055066,-0.043543,-0.032702,-0.022942,-0.014615,-0.008007,-0.0033157,-0.00064507,0
0,-0.00093513,-0.0041622,-0.0092287,-0.015744,-0.023375,-0.03184,-0.0409,-0.050355,-0.060027,-0.069764,-0.079427,-0.088885,-0.098012,-0.10669,-0.11478,-0.12217,-0.12872,-0.13431,-0.13879,-0.14203,-0.1439,-0.14428,-0.14307,-0.14017,-0.13555,-0.1292,-0.12117,-0.1116,-0.10066,-0.088645,-0.075901,-0.062847,-0.04995,-0.037697,-0.026569,-0.017,-0.0093521,-0.0038887,-0.00076073,0
0,-0.00098479,-0.0043787,-0.009702,-0.016542,-0.024546,-0.03342,-0.042915,-0.052824,-0.062967,-0.073192,-0.083361,-0.093346,-0.10303,-0.11228,-0.12099,-0.12902,-0.13625,-0.14254,-0.14774,-0.1517,-0.15428,-0.15532,-0.1547,-0.1523,-0.14803,-0.14185,-0.13378,-0.12391,-0.11242,-0.099583,-0.085761,-0.071415,-0.05707,-0.043297,-0.030667,-0.019714,-0.010894,-0.0045504,-0.00089596,0
0,-0.0010245,-0.004553,-0.010085,-0.01719,-0.025502,-0.034714,-0.044572,-0.054862,-0.065406,-0.07605,-0.08666,-0.097114,-0.10729,-0.11709,-0.12638,-0.13504,-0.14294,-0.14995,-0.1559,-0.16065,-0.16402,-0.16585,-0.16596,-0.16421,-0.16046,-0.15464,-0.14671,-0.13672,-0.12482,-0.11126,-0.096421,-0.080787,-0.064947,-0.049555,-0.03529,-0.022802,-0.012663,-0.0053168,-0.0010548,0
0,-0.0010536,-0.0046821,-0.010371,-0.017677,-0.026225,-0.035699,-0.045839,-0.056428,-0.067289,-0.078269,-0.089239,-0.10008,-0.11069,-0.12096,-0.13077,-0.14002,-0.14857,-0.15628,-0.16301,-0.16858,-0.17281,-0.17551,-0.17648,-0.17553,-0.1725,-0.16724,-0.15966,-0.14977,-0.13765,-0.12354,-0.1078,-0.090934,-0.073587,-0.056503,-0.04048,-0.026306,-0.01469,-0.0062035,-0.0012413,0
0,-0.0010714,-0.0047639,-0.010556,-0.017997,-0.026703,-0.036356,-0.046688,-0.057484,-0.068564,-0.079782,-0.091013,-0.10215,-0.11309,-0.12374,-0.13399,-0.14375,-0.15288,-0.16126,-0.16873,-0.17513,-0.18025,-0.1839,-0.18584,-0.18585,-0.18371,-0.17923,-0.17226,-0.16272,-0.15065,-0.13621,-0.11975,-0.10177,-0.082955,-0.064146,-0.046265,-0.030257,-0.017001,-0.0072258,-0.0014597,0
0,-0.0010776,-0.0047973,-0.010637,-0.018143,-0.02693,-0.036671,-0.0471,-0.057998,-0.06919,-0.080531,-0.091905,-0.10321,-0.11436,-0.12527,-0.13585,-0.146,-0.15562,-0.16458,-0.17274,-0.17992,-0.18594,-0.19056,-0.19355,-0.19465,-0.19359,-0.19012,-0.18401,-0.17513,-0.1634,-0.14894,-0.13202,-0.11312,-0.09296,-0.072448,-0.052646,-0.034677,-0.019619,-0.008398,-0.0017142,0
0,-0.0010725,-0.0047835,-0.010617,-0.01812,-0.026904,-0.036643,-0.047065,-0.057954,-0.069135,-0.08047,-0.091849,-0.10318,-0.11439,-0.12541,-0.13616,-0.14656,-0.15653,-0.16595,-0.17468,-0.18257,-0.18942,-0.19502,-0.1991,-0.20138,-0.20155,-0.1993,-0.19434,-0.18644,-0.17543,-0.16131,-0.14427,-0.12475,-0.10344,-0.081327,-0.059598,-0.039571,-0.022559,-0.0097328,-0.0020092,0
0,-0.0010569,-0.0047259,-0.010502,-0.017936,-0.026638,-0.03628,-0.046591,-0.05735,-0.068388,-0.079571,-0.0908,-0.10199,-0.11309,-0.12404,-0.13478,-0.14525,-0.15538,-0.16508,-0.17423,-0.18269,-0.19028,-0.19678,-0.20193,-0.20544,-0.20695,-0.20613,-0.20259,-0.196,-0.18611,-0.17277,-0.15605,-0.1363,-0.11416,-0.090639,-0.067053,-0.044923,-0.02583,-0.011241,-0.0023489,0
0,-0.0010325,-0.0046314,-0.010306,-0.017611,-0.026157,-0.035611,-0.045699,-0.056204,-0.066957,-0.077832,-0.088737,-0.099607,-0.11039,-0.12106,-0.13157,-0.14189,-0.15197,-0.16173,-0.1711,-0.17994,-0.18811,-0.19539,-0.20154,-0.20625,-0.20918,-0.20992,-0.20804,-0.20311,-0.19475,-0.18268,-0.1668,-0.14731,-0.12477,-0.10017,-0.074898,-0.050689,-0.029427,-0.012929,-0.0027373,0
0,-0.0010017,-0.0045104,-0.010049,-0.017177,-0.025499,-0.034679,-0.044439,-0.05456,-0.064878,-0.075275,-0.08567,-0.096012,-0.10627,-0.11643,-0.12647,-0.13639,-0.14616,-0.15574,-0.16507,-0.17406,-0.18258,-0.19045,-0.19746,-0.2033,-0.20763,-0.21001,-0.20998,-0.20701,-0.20059,-0.1903,-0.17585,-0.15723,-0.13486,-0.10962,-0.082962,-0.056794,-0.033329,-0.0148,-0.0031782,0
0,-0.00096848,-0.0043786,-0.0097643,-0.016681,-0.024725,-0.033552,-0.04288,-0.052488,-0.062217,-0.071958,-0.081643,-0.091238,-0.10073,-0.11013,-0.11944,-0.12869,-0.13787,-0.14697,-0.15598,-0.16483,-0.17344,-0.18167,-0.18932,-0.19613,-0.20176,-0.20579,-0.20771,-0.20694,-0.20285,-0.19485,-0.18245,-0.1654,-0.14388,-0.11861,-0.091004,-0.063118,-0.037498,-0.01685,-0.0036748,0
0,-0.0009381,-0.0042574,-0.0094929,-0.016186,-0.023917,-0.032325,-0.041122,-0.050087,-0.059068,-0.067967,-0.076733,-0.085351,-0.093833,-0.10221,-0.11051,-0.11879,-0.12708,-0.1354,-0.14378,-0.15218,-0.16057,-0.16885,-0.17687,-0.18442,-0.19118,-0.19676,-0.20065,-0.20222,-0.20076,-0.19552,-0.1858,-0.17106,-0.15119,-0.12665,-0.098711,-0.069495,-0.041869,-0.019068,-0.0042295,0
0,-0.00091788,-0.004176,-0.0092927,-0.015778,-0.023181,-0.03112,-0.039295,-0.047489,-0.055557,-0.063421,-0.071049,-0.07845,-0.085662,-0.092739,-0.09975,-0.10676,-0.11385,-0.12108,-0.12848,-0.1361,-0.14393,-0.15193,-0.16,-0.16798,-0.17561,-0.18255,-0.18831,-0.19225,-0.19362,-0.19153,-0.18507,-0.17342,-0.15608,-0.13317,-0.10569,-0.075703,-0.04635,-0.021434,-0.0048438,0
0,-0.00091776,-0.0041737,-0.0092391,-0.015565,-0.022652,-0.030086,-0.037556,-0.044848,-0.051835,-0.058461,-0.064722,-0.070658,-0.076334,-0.081837,-0.087262,-0.092712,-0.098289,-0.10409,-0.1102,-0.11669,-0.12361,-0.13096,-0.13871,-0.14677,-0.15495,-0.16295,-0.17036,-0.17658,-0.18083,-0.18216,-0.17946,-0.17163,-0.15776,-0.13751,-0.11145,-0.081457,-0.050819,-0.023917,-0.0055184,0
0,-0.00095148,-0.0043028,-0.0094311,-0.015689,-0.022499,-0.029407,-0.036089,-0.042342,-0.048066,-0.053238,-0.057891,-0.062102,-0.065971,-0.069616,-0.073167,-0.076756,-0.080517,-0.08458,-0.089067,-0.094089,-0.099736,-0.10607,-0.11313,-0.12087,-0.1292,-0.13791,-0.14665,-0.15492,-0.16196,-0.16681,-0.16824,-0.16487,-0.15541,-0.13892,-0.11543,-0.086405,-0.055114,-0.026476,-0.0062533,0
0,-0.0010383,-0.0046343,-0.0099973,-0.016322,-0.022922,-0.02929,-0.035092,-0.04015,-0.044406,-0.047885,-0.05067,-0.052881,-0.054662,-0.056166,-0.057556,-0.058995,-0.060645,-0.062669,-0.065221,-0.068448,-0.072484,-0.077444,-0.083414,-0.090436,-0.098493,-0.10748,-0.11715,-0.12711,-0.13671,-0.14501,-0.15075,-0.15237,-0.14816,-0.1366,-0.11698,-0.09012,-0.059034,-0.029056,-0.0070488,0
0,-0.0012057,-0.0052649,-0.011104,-0.017678,-0.024151,-0.029951,-0.034751,-0.038421,-0.040963,-0.042473,-0.043098,-0.043014,-0.042411,-0.041483,-0.040426,-0.039433,-0.038693,-0.038394,-0.03872,-0.03985,-0.041954,-0.045194,-0.049709,-0.055611,-0.062965,-0.071767,-0.081905,-0.093108,-0.10487,-0.11639,-0.12644,-0.13338,-0.13516,-0.12968,-0.11535,-0.092093,-0.06233,-0.031596,-0.0079074,0
0,-0.0014946,-0.0063271,-0.012965,-0.020009,-0.026426,-0.031586,-0.035199,-0.037211,-0.037726,-0.036932,-0.035058,-0.032348,-0.029044,-0.025383,-0.021592,-0.017892,-0.014494,-0.01161,-0.0094461,-0.0082062,-0.0080926,-0.0093028,-0.012026,-0.016435,-0.022675,-0.030843,-0.040956,-0.052899,-0.066354,-0.080693,-0.094853,-0.10721,-0.11555,-0.11721,-0.10969,-0.091707,-0.064695,-0.03402,-0.0088373,0
0,-0.0019666,-0.0080047,-0.015847,-0.023587,-0.029956,-0.034298,-0.036408,-0.036374,-0.034438,-0.030916,-0.026136,-0.02042,-0.014067,-0.0073555,-0.0005416,0.0061323,0.012435,0.018141,0.023027,0.026869,0.029444,0.030522,0.029875,0.027278,0.022514,0.015393,0.0057727,-0.0063954,-0.020998,-0.037649,-0.055531,-0.073202,-0.088424,-0.098158,-0.09898,-0.088196,-0.065734,-0.036247,-0.0098599,0
0,-0.0027193,-0.010551,-0.020064,-0.028655,-0.034816,-0.037943,-0.038019,-0.035351,-0.03038,-0.02358,-0.015397,-0.0062357,0.0035487,0.013643,0.023766,0.033661,0.043088,0.051812,0.059601,0.066222,0.071435,0.074989,0.076626,0.076078,0.07307,0.067329,0.0586,0.04668,0.031469,0.013083,-0.0079901,-0.030634,-0.05281,-0.071332,-0.082,-0.080566,-0.064909,-0.038172,-0.011024,0
0,-0.0039125,-0.014311,-0.025932,-0.035287,-0.040716,-0.041842,-0.038997,-0.032818,-0.024007,-0.013224,-0.0010406,0.012061,0.025681,0.039481,0.05317,0.066488,0.079196,0.09106,0.10185,0.11133,0.11926,0.12537,0.12938,0.131,0.1299,0.12575,0.1182,0.1069,0.091568,0.072026,0.048393,0.021331,-0.0075612,-0.035278,-0.057156,-0.067432,-0.06141,-0.039634,-0.012431,0
0,-0.0058212,-0.01972,-0.033618,-0.043055,-0.046526,-0.044216,-0.037041,-0.02609,-0.012379,0.0032426,0.020093,0.03764,0.055461,0.07322,0.090635,0.10746,0.12348,0.13847,0.15221,0.16448,0.17503,0.18361,0.18992,0.19365,0.19445,0.19194,0.18568,0.17524,0.16014,0.13998,0.11447,0.083743,0.048733,0.011855,-0.022283,-0.046736,-0.053886,-0.040301,-0.014278,0
0,-0.0089323,-0.027218,-0.042677,-0.050249,-0.049313,-0.041166,-0.027583,-0.010201,0.0096643,0.031022,0.053147,0.075509,0.097718,0.11948,0.14055,0.16073,0.17983,0.19767,0.21406,0.22879,0.24164,0.25236,0.26065,0.26621,0.26866,0.26761,0.26257,0.25303,0.2384,0.21806,0.19139,0.15795,0.11785,0.072494,0.025684,-0.015248,-0.039884,-0.039318,-0.016882,0
0,-0.014078,-0.036749,-0.050782,-0.052123,-0.042467,-0.024914,-0.0022703,0.023358,0.050512,0.078219,0.10584,0.13296,0.15928,0.18463,0.20883,0.23176,0.25329,0.2733,0.29164,0.30813,0.32258,0.33476,0.34441,0.35121,0.35481,0.35479,0.35068,0.34192,0.32785,0.30771,0.28063,0.24566,0.20206,0.14984,0.091141,0.032255,-0.014714,-0.034368,-0.020535,0
0,-0.0223,-0.045718,-0.050257,-0.037138,-0.012379,0.01881,0.052951,0.087953,0.12262,0.1563,0.18866,0.21952,0.2488,0.27647,0.3025,0.32687,0.34953,0.37043,0.38946,0.40651,0.42141,0.43398,0.44398,0.45112,0.45508,0.45547,0.45182,0.44359,0.43011,0.41057,0.38395,0.34899,0.30417,0.24806,0.18032,0.10422,0.030747,-0.019228,-0.02448,0
0,-0.032279,-0.041446,-0.019395,0.020127,0.06638,0.11362,0.15924,0.20221,0.24225,0.27941,0.31386,0.34581,0.37544,0.40293,0.4284,0.45193,0.47357,0.49333,0.51116,0.527,0.54074,0.55222,0.56124,0.56758,0.57094,0.57098,0.5673,0.55941,0.54669,0.52837,0.50346,0.47056,0.42777,0.37248,0.30172,0.21389,0.11395,0.022233,-0.022644,0
0,-0.02282,0.023255,0.095359,0.16848,0.23467,0.29263,0.34312,0.38731,0.42631,0.46103,0.4922,0.52036,0.54593,0.56924,0.59052,0.60991,0.62753,0.64343,0.65762,0.67005,0.68067,0.68936,0.69597,0.70033,0.70222,0.70138,0.69748,0.69014,0.67887,0.66306,0.64186,0.61405,0.57778,0.53013,0.46656,0.38063,0.2665,0.12993,0.01208,0
0,0.13836,0.2865,0.39815,0.47982,0.54099,0.58837,0.62629,0.6575,0.68382,0.70645,0.72622,0.7437,0.7593,0.7733,0.78591,0.79726,0.80745,0.81652,0.82448,0.83131,0.83699,0.84145,0.8446,0.84635,0.84656,0.84507,0.84171,0.83624,0.82838,0.81776,0.80385,0.78585,0.76258,0.73195,0.69024,0.63042,0.53937,0.39627,0.18829,0
0,1,1,1,1,1,1,1,1,1,1,1,1,1,1,1,1,1,1,1,1,1,1,1,1,1,1,1,1,1,1,1,1,1,1,1,1,1,1,1,0
