0,0,0,0,0,0,0,0,0,0,0,0,0,0,0,0,0,0,0,0,0,0,0,0,0,0,0,0,0,0,0,0,0,0,0,0,0,0,0,0,0,0
0,-6.5091e-05,-5.6887e-05,3.2556e-05,0.00013849,0.00023501,0.00031389,0.00037398,0.0004167,0.00044419,0.00045848,0.00046122,0.00045355,0.00043616,0.00040935,0.00037321,0.00032771,0.00027292,0.00020914,0.00013703,5.773e-05,-2.7087e-05,-0.00011517,-0.00020372,-0.00028947,-0.00036883,-0.00043808,-0.00049358,-0.00053203,-0.00055077,-0.00054797,-0.00052284,-0.00047577,-0.00040837,-0.00032352,-0.00022551,-0.00012044,-1.7523e-05,6.7745e-05,0.00010743,5.6075e-05,0
0,-0.00012376,1.2992e-05,0.00036209,0.00076499,0.0011439,0.0014653,0.0017183,0.0019029,0.0020238,0.0020867,0.002097,0.0020587,0.0019748,0.0018468,0.0016757,0.0014624,0.0012081,0.00091511,0.00058726,0.00023024,-0.00014811,-0.00053772,-0.00092648,-0.0013006,-0.0016451,-0.0019447,-0.0021846,-0.0023516,-0.0024352,-0.0024283,-0.0023282,-0.0021369,-0.001862,-0.0015167,-0.0011205,-0.00070013,-0.00029332,4.5854e-05,0.00023712,0.00016373,0
0,-9.2793e-05,0.00035002,0.0011078,0.0019446,0.0027322,0.0034074,0.0039454,0.0043418,0.004602,0.0047354,0.0047512,0.0046573,0.0044592,0.004161,0.0037652,0.0032749,0.0026939,0.0020285,0.001288,0.000486,-0.00035973,-0.0012269,-0.0020889,-0.0029161,-0.0036765,-0.0043377,-0.0048684,-0.0052411,-0.0054335,-0.0054311,-0.0052284,-0.0048306,-0.0042544,-0.0035286,-0.0026955,-0.0018124,-0.00095574,-0.00022734,0.00023437,0.00023929,0
0,5.1608e-05,0.0010148,0.0023321,0.0037193,0.0050106,0.0061181,0.0070035,0.0076571,0.0080846,0.008298,0.0083102,0.0081327,0.0077744,0.0072418,0.0065404,0.005676,0.0046567,0.0034944,0.0022064,0.00081655,-0.00064423,-0.0021379,-0.0036197,-0.00504,-0.0063455,-0.0074825,-0.0083995,-0.0090508,-0.0093997,-0.0094222,-0.0091093,-0.0084694,-0.0075306,-0.0063409,-0.0049703,-0.0035118,-0.0020855,-0.00084393,1.7773e-05,0.00024675,0
0,0.00031084,0.0020254,0.0040594,0.0061075,0.0079828,0.0095821,0.010858,0.011797,0.012406,0.012699,0.012693,0.012402,0.011839,0.011013,0.0099336,0.0086096,0.0070544,0.0052872,0.0033349,0.0012335,-0.00097052,-0.0032208,-0.0054516,-0.00759,-0.0095585,-0.011279,-0.012675,-0.013681,-0.014242,-0.014323,-0.01391,-0.013013,-0.011674,-0.0099598,-0.007972,-0.0058419,-0.0037352,-0.0018556,-0.00045085,0.00017569,0
0,0.00067931,0.0033785,0.0062902,0.0091089,0.011642,0.013783,0.015481,0.016723,0.017518,0.017884,0.017841,0.017407,0.016598,0.015427,0.013905,0.012047,0.0098717,0.007406,0.0046876,0.0017663,-0.0012947,-0.0044188,-0.0075173,-0.010492,-0.013237,-0.015648,-0.017622,-0.019066,-0.019908,-0.020096,-0.019608,-0.018457,-0.016695,-0.01441,-0.011736,-0.0088424,-0.0059433,-0.0032924,-0.0011874,2.5939e-05,0
0,0.0011499,0.0050612,0.0090113,0.01271,0.015973,0.0187,0.020846,0.022402,0.023384,0.023813,0.023714,0.023109,0.022018,0.020456,0.018437,0.015982,0.013115,0.0098702,0.0062975,0.0024604,-0.0015602,-0.0056667,-0.0097459,-0.013672,-0.017311,-0.020526,-0.023184,-0.025165,-0.026371,-0.02673,-0.02621,-0.024823,-0.022627,-0.019734,-0.016306,-0.012556,-0.0087443,-0.0051763,-0.0021994,-0.00020005,0
0,0.0017155,0.0070558,0.012201,0.016887,0.020951,0.024308,0.026924,0.028805,0.029971,0.030453,0.030282,0.029483,0.028079,0.026088,0.023529,0.020425,0.016806,0.012716,0.008213,0.0033753,-0.0016986,-0.0068898,-0.01206,-0.017055,-0.021709,-0.025852,-0.029316,-0.031948,-0.033619,-0.034234,-0.033743,-0.032151,-0.029524,-0.02599,-0.021741,-0.017034,-0.012177,-0.0075312,-0.0034953,-0.00050081,0
0,0.0023692,0.0093429,0.015833,0.021612,0.026545,0.030573,0.033685,0.035898,0.037249,0.037778,0.037521,0.036509,0.03477,0.032323,0.029191,0.025399,0.020983,0.015992,0.010495,0.0045832,-0.0016294,-0.0080027,-0.014374,-0.020558,-0.026357,-0.031563,-0.03597,-0.039387,-0.041647,-0.042624,-0.042244,-0.040498,-0.037452,-0.033249,-0.028113,-0.022339,-0.016292,-0.010389,-0.0050894,-0.00087742,0
0,0.0031044,0.011901,0.019878,0.026848,0.032718,0.03746,0.04109,0.043648,0.045187,0.045758,0.045408,0.044174,0.042086,0.039166,0.03544,0.030934,0.025688,0.019756,0.013215,0.0061656,-0.0012621,-0.0089092,-0.016588,-0.024086,-0.031167,-0.037586,-0.043094,-0.047452,-0.05045,-0.05192,-0.051755,-0.049926,-0.04649,-0.0416,-0.035506,-0.02855,-0.021151,-0.013794,-0.0070047,-0.0013343,0
0,0.0039139,0.014708,0.024301,0.032557,0.039427,0.044925,0.049098,0.052015,0.053747,0.054364,0.05392,0.052461,0.050019,0.046622,0.042293,0.037062,0.030968,0.024069,0.016447,0.008211,-0.00049755,-0.0095027,-0.018594,-0.02753,-0.03604,-0.043835,-0.050617,-0.056097,-0.060009,-0.062133,-0.06232,-0.060504,-0.056726,-0.051142,-0.044025,-0.035763,-0.026836,-0.017804,-0.0092751,-0.0018793,0
0,0.0047903,0.017739,0.029066,0.038693,0.046625,0.052917,0.05766,0.060952,0.062889,0.063558,0.063027,0.061348,0.05856,0.054691,0.049765,0.043811,0.036867,0.028992,0.020268,0.010811,0.00076834,-0.0096688,-0.020271,-0.030769,-0.040856,-0.0502,-0.05845,-0.065256,-0.070287,-0.073262,-0.073968,-0.072294,-0.068249,-0.061982,-0.053785,-0.044089,-0.033444,-0.022495,-0.011946,-0.0025244,0
0,0.0057255,0.020966,0.034133,0.045209,0.054255,0.061382,0.066721,0.070406,0.072562,0.073295,0.072689,0.070806,0.067688,0.063365,0.057861,0.0512,0.043421,0.034577,0.024749,0.014052,0.0026405,-0.009288,-0.021488,-0.033664,-0.045478,-0.056551,-0.066476,-0.074834,-0.081222,-0.085278,-0.086712,-0.085348,-0.081146,-0.074234,-0.064914,-0.053658,-0.041092,-0.027959,-0.015074,-0.0032852,0
0,0.0067103,0.02436,0.039456,0.052048,0.06226,0.070256,0.076216,0.080314,0.082706,0.08352,0.082858,0.080791,0.077368,0.07262,0.066568,0.059235,0.05065,0.040863,0.029948,0.018015,0.0052184,-0.0082412,-0.022108,-0.036067,-0.049749,-0.06273,-0.074545,-0.084703,-0.092713,-0.098118,-0.10053,-0.099695,-0.095491,-0.088008,-0.077544,-0.064611,-0.049913,-0.034302,-0.018728,-0.0041812,0
0,0.0077348,0.027888,0.044988,0.059153,0.070572,0.079469,0.086074,0.090604,0.093249,0.094164,0.093468,0.091244,0.087549,0.082413,0.075857,0.067896,0.058553,0.047867,0.035903,0.022762,0.0085892,-0.0064165,-0.021995,-0.037819,-0.053494,-0.068554,-0.082476,-0.094691,-0.10461,-0.11167,-0.11537,-0.11533,-0.11133,-0.1034,-0.091809,-0.077099,-0.060052,-0.041648,-0.02299,-0.005236,0
0,0.0087884,0.031517,0.050677,0.066459,0.07912,0.088943,0.096214,0.10119,0.10411,0.10514,0.10444,0.10209,0.098158,0.09268,0.085671,0.077142,0.067103,0.055582,0.042629,0.028331,0.012819,-0.0037174,-0.021022,-0.038764,-0.056529,-0.073818,-0.090052,-0.10458,-0.11673,-0.12578,-0.13112,-0.13219,-0.12868,-0.12048,-0.10783,-0.091273,-0.071668,-0.050134,-0.027953,-0.0064773,0
0,0.0098598,0.035209,0.056469,0.0739,0.087826,0.098595,0.10655,0.11199,0.11519,0.11636,0.11567,0.11322,0.1091,0.10333,0.095926,0.086896,0.076238,0.063962,0.050102,0.034725,0.017943,-7.3019e-05,-0.01908,-0.038751,-0.058666,-0.0783,-0.097026,-0.11412,-0.1288,-0.14022,-0.14758,-0.15018,-0.14749,-0.13929,-0.12571,-0.10728,-0.084925,-0.059909,-0.033719,-0.007937,0
0,0.010937,0.038929,0.062309,0.081406,0.096613,0.10834,0.11698,0.12289,0.12638,0.1277,0.12704,0.12453,0.12025,0.11423,0.1065,0.097049,0.085857,0.072924,0.05826,0.041909,0.023958,0.0045519,-0.016089,-0.037653,-0.059727,-0.081773,-0.10313,-0.12301,-0.14052,-0.15468,-0.1645,-0.16907,-0.16765,-0.15981,-0.14551,-0.12525,-0.099984,-0.07113,-0.040402,-0.0096512,0
0,0.01201,0.04264,0.068142,0.08891,0.1054,0.11808,0.1274,0.13378,0.13756,0.13904,0.13842,0.13586,0.13146,0.12525,0.11725,0.10745,0.095823,0.08234,0.066994,0.049799,0.030813,0.010147,-0.01201,-0.035376,-0.059556,-0.084019,-0.10809,-0.13092,-0.15153,-0.1688,-0.18154,-0.1886,-0.18896,-0.18192,-0.16724,-0.14528,-0.117,-0.083956,-0.048126,-0.01166,0
0,0.013067,0.046309,0.073918,0.096343,0.1141,0.12772,0.13771,0.14454,0.1486,0.15022,0.14965,0.14706,0.14256,0.1362,0.12799,0.11792,0.10595,0.092039,0.076146,0.05826,0.038403,0.016648,-0.0068576,-0.031873,-0.058038,-0.084847,-0.11162,-0.13751,-0.16143,-0.18214,-0.19826,-0.20835,-0.2111,-0.20544,-0.19083,-0.16741,-0.13609,-0.098546,-0.057018,-0.014009,0
0,0.014099,0.049908,0.079592,0.10365,0.12265,0.13717,0.1478,0.15504,0.15935,0.1611,0.16056,0.15793,0.15334,0.14686,0.1385,0.12824,0.11603,0.10181,0.085512,0.067104,0.046567,0.02393,-0.00070793,-0.027158,-0.055112,-0.084109,-0.1135,-0.14243,-0.16979,-0.19421,-0.21413,-0.22784,-0.23363,-0.23004,-0.2161,-0.19162,-0.15735,-0.11504,-0.067209,-0.016747,0
0,0.015101,0.053416,0.085131,0.11078,0.13097,0.14635,0.15756,0.16516,0.16967,0.17149,0.17095,0.16827,0.1636,0.15702,0.14855,0.13816,0.1258,0.11138,0.094842,0.076094,0.055087,0.031807,0.0062967,-0.021315,-0.050787,-0.081725,-0.11354,-0.1454,-0.1762,-0.20451,-0.22859,-0.24645,-0.25601,-0.25528,-0.24276,-0.21778,-0.18081,-0.13357,-0.078831,-0.019925,0
0,0.016069,0.056826,0.090517,0.11769,0.13901,0.15518,0.16688,0.17477,0.1794,0.18123,0.18064,0.17787,0.1731,0.16642,0.15786,0.1474,0.13497,0.12049,0.10385,0.084948,0.063697,0.040033,0.013946,-0.014505,-0.045155,-0.077695,-0.11162,-0.14617,-0.18028,-0.21251,-0.24099,-0.2635,-0.27753,-0.28055,-0.27037,-0.24567,-0.20644,-0.15422,-0.092006,-0.0236,0
0,0.017008,0.060146,0.095752,0.12439,0.14674,0.16359,0.17568,0.18374,0.18838,0.19013,0.1894,0.18648,0.18158,0.17479,0.16617,0.15568,0.14326,0.12882,0.11222,0.093353,0.072085,0.048313,0.021968,-0.0069599,-0.038391,-0.072114,-0.10773,-0.1446,-0.18174,-0.21775,-0.25072,-0.27823,-0.2974,-0.30508,-0.29831,-0.27488,-0.23406,-0.17702,-0.10684,-0.027829,0
0,0.017925,0.063404,0.10087,0.13087,0.15415,0.17153,0.18386,0.19193,0.19645,0.198,0.19703,0.19389,0.18879,0.18187,0.17318,0.16269,0.15035,0.13604,0.11963,0.10097,0.079914,0.05631,0.030037,0.0010182,-0.030754,-0.065176,-0.10198,-0.14066,-0.18037,-0.21984,-0.25718,-0.28988,-0.31473,-0.32799,-0.3258,-0.30487,-0.26341,-0.20194,-0.12343,-0.032673,0
0,0.018843,0.06666,0.10593,0.1372,0.16123,0.17896,0.19133,0.19922,0.20344,0.20462,0.20329,0.19982,0.19447,0.18737,0.1786,0.16814,0.15593,0.14184,0.12574,0.10746,0.08683,0.063662,0.03779,0.0090744,-0.022577,-0.057168,-0.094569,-0.13444,-0.17612,-0.21851,-0.25988,-0.29772,-0.3286,-0.34825,-0.35186,-0.33486,-0.29405,-0.22884,-0.14183,-0.038191,0
0,0.019795,0.070011,0.11106,0.14345,0.16804,0.18587,0.19801,0.20548,0.20916,0.20979,0.20794,0.20403,0.19834,0.19102,0.18216,0.17173,0.15969,0.1459,0.13023,0.11248,0.092477,0.07,0.044845,0.016817,-0.014248,-0.048459,-0.085823,-0.12618,-0.16908,-0.21367,-0.25846,-0.30108,-0.33807,-0.36473,-0.37535,-0.36389,-0.32534,-0.25748,-0.16206,-0.044445,0
0,0.020833,0.073607,0.11643,0.14978,0.17464,0.19224,0.20381,0.21053,0.21342,0.21327,0.21073,0.20624,0.20012,0.19252,0.18354,0.17317,0.16134,0.14793,0.13278,0.11571,0.096513,0.07496,0.050814,0.02384,-0.006191,-0.039476,-0.076148,-0.11622,-0.15948,-0.20537,-0.25271,-0.29946,-0.34228,-0.37628,-0.39497,-0.39075,-0.35643,-0.28746,-0.18406,-0.051494,0
0,0.022039,0.077666,0.12226,0.15635,0.18112,0.19804,0.20861,0.2142,0.21596,0.21478,0.21135,0.20616,0.19951,0.1916,0.18249,0.17218,0.1606,0.14763,0.13311,0.11684,0.098618,0.078199,0.055329,0.029742,0.0011635,-0.030674,-0.06601,-0.10502,-0.14771,-0.19385,-0.24266,-0.29252,-0.3405,-0.38177,-0.40929,-0.41401,-0.38619,-0.31819,-0.20775,-0.059401,0
0,0.023533,0.082499,0.1289,0.1634,0.18753,0.2032,0.21222,0.21622,0.21647,0.21399,0.20948,0.20345,0.19621,0.18794,0.1787,0.16848,0.1572,0.14474,0.13094,0.1156,0.098505,0.079409,0.058052,0.034151,0.0074038,-0.022505,-0.055897,-0.093072,-0.13426,-0.17951,-0.2285,-0.28017,-0.33216,-0.3801,-0.41681,-0.43199,-0.4132,-0.34886,-0.23294,-0.068238,0
0,0.0255,0.088537,0.13675,0.17114,0.1939,0.20754,0.21433,0.21618,0.21454,0.21046,0.2047,0.19773,0.18986,0.18122,0.17188,0.1618,0.1509,0.13904,0.12606,0.11176,0.09593,0.078331,0.058699,0.036748,0.012168,-0.015384,-0.046277,-0.080904,-0.11966,-0.16286,-0.21062,-0.26249,-0.31694,-0.37037,-0.41599,-0.44278,-0.43567,-0.37835,-0.25932,-0.078098,0
0,0.028219,0.096369,0.14626,0.17973,0.20006,0.21066,0.21441,0.21351,0.20957,0.20366,0.19652,0.18857,0.18007,0.17113,0.16176,0.15191,0.14147,0.13031,0.11827,0.10514,0.090718,0.074777,0.057062,0.037297,0.015176,-0.0096433,-0.037549,-0.068983,-0.10445,-0.14447,-0.18955,-0.23985,-0.29476,-0.35185,-0.40532,-0.44421,-0.45132,-0.40509,-0.28647,-0.089122,0
0,0.032132,0.10677,0.15788,0.18908,0.20549,0.21179,0.21156,0.20733,0.20076,0.19288,0.18434,0.17547,0.16645,0.15733,0.14807,0.13859,0.12877,0.11845,0.10748,0.095656,0.082792,0.068667,0.053048,0.035678,0.016272,-0.0054935,-0.029996,-0.057686,-0.08911,-0.12493,-0.16591,-0.21279,-0.26587,-0.32413,-0.38344,-0.43393,-0.45734,-0.42687,-0.31367,-0.10155,0
0,0.037953,0.12067,0.17178,0.19852,0.20896,0.20948,0.20439,0.19638,0.18704,0.17726,0.16748,0.15792,0.14863,0.13957,0.13066,0.12176,0.11275,0.10346,0.093733,0.083386,0.072237,0.06009,0.046736,0.031947,0.015473,-0.0029762,-0.023741,-0.047242,-0.074016,-0.10477,-0.14041,-0.18206,-0.23086,-0.28725,-0.3493,-0.40948,-0.45019,-0.44045,-0.3397,-0.11583,0
0,0.046885,0.13895,0.18724,0.20609,0.20803,0.20133,0.19081,0.179,0.16718,0.1559,0.14536,0.13556,0.12642,0.11781,0.10958,0.10158,0.093648,0.085622,0.077344,0.068654,0.059388,0.049375,0.03844,0.026391,0.013018,-0.0019182,-0.018705,-0.037703,-0.05939,-0.084424,-0.11373,-0.14862,-0.19076,-0.24189,-0.30249,-0.36855,-0.42556,-0.44102,-0.36213,-0.13271,0
0,0.060963,0.16162,0.20127,0.20743,0.19837,0.18378,0.16816,0.15337,0.14003,0.12819,0.11774,0.10845,0.10009,0.092471,0.085383,0.078651,0.072112,0.065613,0.059009,0.052163,0.044937,0.037194,0.028795,0.01959,0.0094189,-0.0019028,-0.014596,-0.028941,-0.045321,-0.064284,-0.086648,-0.11366,-0.14716,-0.18968,-0.24379,-0.30966,-0.37859,-0.42136,-0.37596,-0.15325,0
0,0.083263,0.18504,0.20581,0.19431,0.17361,0.15259,0.13402,0.11837,0.10536,0.094511,0.085383,0.077589,0.070813,0.064802,0.05935,0.054282,0.049449,0.044719,0.039977,0.035115,0.03003,0.024624,0.018797,0.012445,0.005458,-0.0022893,-0.010947,-0.020708,-0.031841,-0.044743,-0.06003,-0.078696,-0.10235,-0.13357,-0.17604,-0.23357,-0.30511,-0.37139,-0.37071,-0.17773,0
0,0.11554,0.19421,0.18376,0.15479,0.12736,0.10535,0.088402,0.075403,0.065318,0.057354,0.050934,0.045642,0.041175,0.037312,0.033881,0.03075,0.02781,0.024965,0.022141,0.019272,0.016294,0.013146,0.0097713,0.0061092,0.0020977,-0.0023328,-0.007266,-0.012811,-0.01912,-0.02643,-0.035116,-0.045802,-0.059552,-0.078276,-0.10528,-0.14575,-0.20517,-0.27967,-0.32584,-0.20037,0
0,0.13836,0.14813,0.11165,0.081667,0.061173,0.047384,0.037913,0.031212,0.026318,0.022632,0.01977,0.017482,0.015599,0.014002,0.012609,0.011356,0.010191,0.0090652,0.0079558,0.0068354,0.0056779,0.004459,0.003156,0.0017466,0.00020762,-0.0014862,-0.0033653,-0.0054698,-0.0078578,-0.010621,-0.013914,-0.017993,-0.023276,-0.030628,-0.041713,-0.05982,-0.091041,-0.1431,-0.20798,-0.18829,0
0,0,0,0,0,0,0,0,0,0,0,0,0,0,0,0,0,0,0,0,0,0,0,0,0,0,0,0,0,0,0,0,0,0,0,0,0,0,0,0,0,0
